# t (s)	mx ()	my ()	mz ()	B_extx (T)	B_exty (T)	B_extz (T)
1e-12	0.90730405	0.42016456	0.009448199	0.3262708	0.15214257	0
1.5896749624376365e-11	0.90729403	0.420186	0.009462416	0.3262708	0.15214257	4.1475423e-06
3.093641977943994e-11	0.9073083	0.42015493	0.00947292	0.3262708	0.15214257	-1.1984484e-05
4.5332692389607474e-11	0.90732485	0.42012003	0.009441066	0.3262708	0.15214257	-4.133282e-06
6.020806107869616e-11	0.90730906	0.4201547	0.009406477	0.3262708	0.15214257	1.1974294e-05
7.462216791266195e-11	0.9072841	0.4202082	0.009427635	0.3262708	0.15214257	4.305009e-06
8.925824140969788e-11	0.9072898	0.4201948	0.009473461	0.3262708	0.15214257	-1.1860167e-05
1.0417705847419966e-10	0.9073141	0.42014226	0.009475731	0.3262708	0.15214257	-4.1395583e-06
1.1889570663720012e-10	0.9073137	0.42014363	0.009446226	0.3262708	0.15214257	1.2010938e-05
1.3345895986076924e-10	0.90729976	0.42017415	0.009442027	0.3262708	0.15214257	4.322489e-06
1.4841116305185403e-10	0.90730476	0.42016315	0.009452544	0.3262708	0.15214257	-1.210443e-05
1.632563433090058e-10	0.9073167	0.4201376	0.009435433	0.3262708	0.15214257	-3.8414732e-06
1.7750622746538563e-10	0.90730244	0.42016888	0.00942072	0.3262708	0.15214257	1.2009333e-05
1.9219434060678346e-10	0.9072838	0.42020833	0.009450071	0.3262708	0.15214257	4.470698e-06
2.073242868894905e-10	0.907297	0.4201788	0.009486735	0.3262708	0.15214257	-1.2240521e-05
2.2189826494723542e-10	0.9073221	0.420125	0.009469528	0.3262708	0.15214257	-4.1100493e-06
2.364296457133064e-10	0.9073171	0.4201367	0.0094277235	0.3262708	0.15214257	1.215395e-05
2.514247613227535e-10	0.9072952	0.42018414	0.009425841	0.3262708	0.15214257	3.9762854e-06
2.6588919008193075e-10	0.90729684	0.42018038	0.009449805	0.3262708	0.15214257	-1.2225625e-05
2.808247857553392e-10	0.9073109	0.42014986	0.009449521	0.3262708	0.15214257	-4.0079963e-06
2.952383070006666e-10	0.9073033	0.42016625	0.009439766	0.3262708	0.15214257	1.2246326e-05
3.1012125777835623e-10	0.90729	0.42019445	0.0094582625	0.3262708	0.15214257	4.176789e-06
3.249697761699668e-10	0.90730375	0.42016453	0.00947876	0.3262708	0.15214257	-1.2440843e-05
3.3929450996533033e-10	0.90732384	0.42012197	0.009450852	0.3262708	0.15214257	-4.508428e-06
3.5408708852003836e-10	0.9073125	0.42014742	0.009415018	0.3262708	0.15214257	1.2359247e-05
3.688577195756605e-10	0.9072888	0.42019823	0.009427808	0.3262708	0.15214257	4.326888e-06
3.836096548626379e-10	0.90729344	0.42018738	0.009463521	0.3262708	0.15214257	-1.24620565e-05
3.9834595121949715e-10	0.9073123	0.42014644	0.00946354	0.3262708	0.15214257	-4.242912e-06
4.1306832583292904e-10	0.9073083	0.42015523	0.009444191	0.3262708	0.15214257	1.25352835e-05
4.277788059703142e-10	0.9072952	0.42018363	0.009451844	0.3262708	0.15214257	4.2323045e-06
4.4247819144857266e-10	0.9073055	0.4201613	0.009464214	0.3262708	0.15214257	-1.2586735e-05
4.571687768295925e-10	0.90732074	0.42012906	0.0094404165	0.3262708	0.15214257	-4.279349e-06
4.718520864360926e-10	0.9073067	0.42016008	0.009415532	0.3262708	0.15214257	1.2622052e-05
4.865287827755861e-10	0.9072848	0.4202064	0.009440194	0.3262708	0.15214257	4.3672094e-06
5.01199333233511e-10	0.90729505	0.42018342	0.0094779115	0.3262708	0.15214257	-1.26448695e-05
5.15864682543203e-10	0.90731823	0.42013344	0.009467152	0.3262708	0.15214257	-4.488253e-06
5.305261437888467e-10	0.90731317	0.42014512	0.009434062	0.3262708	0.15214257	1.26573195e-05
5.451837917302559e-10	0.90729475	0.4201852	0.009437946	0.3262708	0.15214257	4.632725e-06
5.59838507221326e-10	0.90730083	0.4201716	0.009458859	0.3262708	0.15214257	-1.2661546e-05
5.749781139542601e-10	0.9073161	0.420139	0.009442416	0.3262708	0.15214257	-4.1293847e-06
5.896273254960522e-10	0.90730363	0.42016587	0.009425271	0.3262708	0.15214257	1.289643e-05
6.042741734873863e-10	0.9072856	0.4202041	0.0094508445	0.3262708	0.15214257	4.3066725e-06
6.189192412958897e-10	0.90729904	0.4201745	0.009482024	0.3262708	0.15214257	-1.28961465e-05
6.335627835739596e-10	0.9073225	0.42012438	0.009461787	0.3262708	0.15214257	-4.495071e-06
6.482050146831406e-10	0.9073145	0.42014295	0.009423121	0.3262708	0.15214257	1.2890716e-05
6.628469374183727e-10	0.9072918	0.4201917	0.009429975	0.3262708	0.15214257	4.690436e-06
6.774877923713399e-10	0.9072964	0.42018107	0.009460044	0.3262708	0.15214257	-1.2881356e-05
6.926153506049917e-10	0.9073148	0.42014128	0.009454209	0.3262708	0.15214257	-4.2146125e-06
7.072539045290429e-10	0.9073064	0.42015973	0.009433456	0.3262708	0.15214257	1.3110677e-05
7.218921966130586e-10	0.9072894	0.42019588	0.0094504645	0.3262708	0.15214257	4.422192e-06
7.365296921514343e-10	0.9073014	0.42016968	0.009475331	0.3262708	0.15214257	-1.3103138e-05
7.511672165255427e-10	0.90732265	0.4201247	0.009454126	0.3262708	0.15214257	-4.633206e-06
7.658037537451947e-10	0.9073125	0.42014754	0.0094188815	0.3262708	0.15214257	1.3091881e-05
7.804396278894896e-10	0.907289	0.42019784	0.009430986	0.3262708	0.15214257	4.848713e-06
7.955630977114214e-10	0.90729505	0.4201835	0.009469039	0.3262708	0.15214257	-1.33177555e-05
8.10199130047874e-10	0.9073159	0.42013842	0.009462003	0.3262708	0.15214257	-4.378901e-06
8.248344621656384e-10	0.9073099	0.4201523	0.009435817	0.3262708	0.15214257	1.3310426e-05
8.394700251437431e-10	0.9072926	0.42018965	0.009445512	0.3262708	0.15214257	4.5988945e-06
8.541053696533848e-10	0.9073021	0.420169	0.009466937	0.3262708	0.15214257	-1.3299794e-05
8.687400095841109e-10	0.9073203	0.4201296	0.009448312	0.3262708	0.15214257	-4.82108e-06
8.833746327841324e-10	0.9073089	0.42015466	0.009419624	0.3262708	0.15214257	1.3285175e-05
8.984971843520883e-10	0.9072868	0.42020205	0.009437712	0.3262708	0.15214257	4.347011e-06
9.13131916733721e-10	0.9072955	0.42018223	0.009472556	0.3262708	0.15214257	-1.3519041e-05
9.277657410907864e-10	0.9073175	0.42013505	0.009463341	0.3262708	0.15214257	-4.573652e-06
9.424003879640724e-10	0.9073117	0.4201487	0.009434207	0.3262708	0.15214257	1.3509326e-05
9.57034676703935e-10	0.90729344	0.42018795	0.009441577	0.3262708	0.15214257	4.8007028e-06
9.716683074155734e-10	0.9073014	0.42017025	0.009462359	0.3262708	0.15214257	-1.3496055e-05
9.863021156808427e-10	0.9073183	0.42013368	0.0094456365	0.3262708	0.15214257	-5.03083e-06
1.0014232965732687e-09	0.9073064	0.42015994	0.009422532	0.3262708	0.15214257	1.3729841e-05
1.016057238226589e-09	0.90728587	0.42020378	0.009444601	0.3262708	0.15214257	4.5537104e-06
1.030691133290717e-09	0.90729743	0.42017815	0.009478046	0.3262708	0.15214257	-1.3721891e-05
1.0453247736319257e-09	0.9073209	0.42012796	0.009462418	0.3262708	0.15214257	-4.7862645e-06
1.0599581351288857e-09	0.9073135	0.42014495	0.009427208	0.3262708	0.15214257	1.37101715e-05
1.0745920983520285e-09	0.907292	0.42019108	0.009434585	0.3262708	0.15214257	5.0201074e-06
1.0897136777588474e-09	0.9072995	0.4201741	0.00945916	0.3262708	0.15214257	-1.3945485e-05
1.1043478116552413e-09	0.9073159	0.4201389	0.009447218	0.3262708	0.15214257	-4.5344264e-06
1.11898133654328e-09	0.9073046	0.42016366	0.009428243	0.3262708	0.15214257	1.3939589e-05
1.1336150073898276e-09	0.9072866	0.42020252	0.009452267	0.3262708	0.15214257	4.771055e-06
1.1482488237907712e-09	0.90730083	0.42017114	0.009481714	0.3262708	0.15214257	-1.3930231e-05
1.162881959477609e-09	0.90732473	0.42011994	0.009457441	0.3262708	0.15214257	-5.009092e-06
1.1775155521294407e-09	0.9073141	0.42014375	0.0094163455	0.3262708	0.15214257	1.3917046e-05
1.1926368800100727e-09	0.9072881	0.42019936	0.009429188	0.3262708	0.15214257	4.516717e-06
1.2072705717518661e-09	0.9072945	0.42018485	0.009464693	0.3262708	0.15214257	-1.4162439e-05
1.2219048829533755e-09	0.9073149	0.42014083	0.009459485	0.3262708	0.15214257	-4.755792e-06
1.2365393912223959e-09	0.907308	0.42015642	0.009436857	0.3262708	0.15214257	1.4155948e-05
1.2511739006086655e-09	0.907291	0.4201929	0.009451193	0.3262708	0.15214257	4.9944506e-06
1.265808690551903e-09	0.9073033	0.42016587	0.009472858	0.3262708	0.15214257	-1.4146342e-05
1.2804437630293798e-09	0.90732384	0.4201219	0.009447292	0.3262708	0.15214257	-5.232917e-06
1.2955663400896316e-09	0.9073087	0.4201554	0.009408956	0.3262708	0.15214257	1.4394399e-05
1.3102007134857395e-09	0.90728235	0.42021176	0.009433689	0.3262708	0.15214257	4.7307794e-06
1.32483479739751e-09	0.9072922	0.42018962	0.009479087	0.3262708	0.15214257	-1.4390149e-05
1.3394694951626858e-09	0.9073187	0.4201327	0.009472285	0.3262708	0.15214257	-4.973592e-06
1.3541034758333878e-09	0.9073148	0.42014188	0.0094367685	0.3262708	0.15214257	1.4382592e-05
1.368738044312886e-09	0.90729505	0.42018443	0.0094378935	0.3262708	0.15214257	5.2179175e-06
1.383372684257216e-09	0.90730125	0.42017043	0.009457401	0.3262708	0.15214257	-1.437189e-05
1.398494445704484e-09	0.907318	0.42013448	0.009441608	0.3262708	0.15214257	-4.708119e-06
1.4131284707550588e-09	0.90730405	0.4201652	0.009420526	0.3262708	0.15214257	1.4629657e-05
1.4277626476230492e-09	0.9072829	0.4202105	0.009449361	0.3262708	0.15214257	4.9557298e-06
1.4423961024199195e-09	0.90729743	0.4201783	0.0094873	0.3262708	0.15214257	-1.4623974e-05
1.457029672313983e-09	0.90732485	0.42011943	0.0094670635	0.3262708	0.15214257	-5.20641e-06
1.4716637142166984e-09	0.9073171	0.42013696	0.009422012	0.3262708	0.15214257	1.4614741e-05
1.4862980957090878e-09	0.9072916	0.42019182	0.009425024	0.3262708	0.15214257	5.4561024e-06
1.5014201322047611e-09	0.9072945	0.42018503	0.009457125	0.3262708	0.15214257	-1.4874611e-05
1.5160533681402495e-09	0.90731317	0.42014486	0.00945509	0.3262708	0.15214257	-4.9410096e-06
1.5306873899084027e-09	0.9073055	0.42016205	0.009438244	0.3262708	0.15214257	1.4871224e-05
1.545320662653127e-09	0.9072892	0.42019638	0.0094573125	0.3262708	0.15214257	5.195381e-06
1.5599539719592735e-09	0.9073043	0.42016366	0.009478902	0.3262708	0.15214257	-1.4863857e-05
1.5745874363482145e-09	0.9073265	0.42011586	0.009448308	0.3262708	0.15214257	-5.451853e-06
1.5897086734695242e-09	0.9073111	0.42015028	0.0094089415	0.3262708	0.15214257	1.5124743e-05
1.6043422587112855e-09	0.9072836	0.42020917	0.009429448	0.3262708	0.15214257	4.928627e-06
1.6189760133431068e-09	0.9072919	0.42019033	0.009473604	0.3262708	0.15214257	-1.51239265e-05
1.6336097766915685e-09	0.9073169	0.42013645	0.009469159	0.3262708	0.15214257	-5.186863e-06
1.648243493155623e-09	0.9073122	0.42014742	0.009439174	0.3262708	0.15214257	1.51195645e-05
1.6628771748277643e-09	0.9072936	0.4201871	0.0094454065	0.3262708	0.15214257	5.4466486e-06
1.6775106019781145e-09	0.90730345	0.42016557	0.009463597	0.3262708	0.15214257	-1.5111327e-05
1.692632203712004e-09	0.9073209	0.42012838	0.009439131	0.3262708	0.15214257	-4.913971e-06
1.7072655651265039e-09	0.90730464	0.4201639	0.009414685	0.3262708	0.15214257	1.538435e-05
1.721899267314715e-09	0.9072811	0.42021433	0.009446116	0.3262708	0.15214257	5.177291e-06
1.7365335356394984e-09	0.9072958	0.42018145	0.009488266	0.3262708	0.15214257	-1.5382902e-05
1.7511672517706825e-09	0.90732455	0.42011976	0.0094688535	0.3262708	0.15214257	-5.4405414e-06
1.7658011910220873e-09	0.9073168	0.42013764	0.009423424	0.3262708	0.15214257	1.5377604e-05
1.7804349686258797e-09	0.9072911	0.42019302	0.009427767	0.3262708	0.15214257	5.7056404e-06
1.7955566915873196e-09	0.90729785	0.42017806	0.009460482	0.3262708	0.15214257	-1.5653177e-05
1.8101902914438793e-09	0.907317	0.42013675	0.009449556	0.3262708	0.15214257	-5.1646825e-06
1.8248243507253717e-09	0.9073055	0.4201622	0.009428003	0.3262708	0.15214257	1.5654354e-05
1.8394577625706415e-09	0.9072852	0.42020524	0.009452823	0.3262708	0.15214257	5.433329e-06
1.854091581000476e-09	0.90730065	0.42017117	0.009484324	0.3262708	0.15214257	-1.5651558e-05
1.868725466836474e-09	0.90732694	0.42011493	0.00945695	0.3262708	0.15214257	-5.703086e-06
1.883359365179497e-09	0.9073147	0.4201424	0.009411661	0.3262708	0.15214257	1.5645332e-05
1.898481227926822e-09	0.9072849	0.42020673	0.009428158	0.3262708	0.15214257	5.151639e-06
1.9131152471804546e-09	0.907293	0.42018816	0.009471062	0.3262708	0.15214257	-1.5933887e-05
1.927749366496146e-09	0.9073178	0.42013448	0.009464579	0.3262708	0.15214257	-5.4238362e-06
1.9423831426982334e-09	0.9073109	0.4201502	0.0094340835	0.3262708	0.15214257	1.5934382e-05
1.9570173955615957e-09	0.9072902	0.42019463	0.009445369	0.3262708	0.15214257	5.697816e-06
1.971651695257352e-09	0.90730125	0.4201702	0.009470415	0.3262708	0.15214257	-1.5931511e-05
1.9867735863943555e-09	0.90732443	0.4201206	0.009447506	0.3262708	0.15214257	-5.13553e-06
2.00140740815686e-09	0.9073095	0.42015386	0.009412449	0.3262708	0.15214257	1.6222559e-05
2.0160415245692404e-09	0.9072826	0.4202114	0.009436496	0.3262708	0.15214257	5.4128777e-06
2.0306755562626267e-09	0.9072939	0.4201858	0.009480004	0.3262708	0.15214257	-1.6226279e-05
2.045309630064575e-09	0.90732145	0.42012653	0.009467283	0.3262708	0.15214257	-5.6916333e-06
2.0599440462958292e-09	0.9073141	0.42014325	0.009428562	0.3262708	0.15214257	1.6226413e-05
2.0745779713950963e-09	0.9072904	0.42019442	0.009436257	0.3262708	0.15214257	5.9716463e-06
2.0896999316677415e-09	0.90729916	0.42017516	0.009465369	0.3262708	0.15214257	-1.652027e-05
2.1043338739687836e-09	0.9073203	0.42012963	0.009449549	0.3262708	0.15214257	-5.4010197e-06
2.118967883868723e-09	0.90730757	0.42015773	0.009421818	0.3262708	0.15214257	1.6527107e-05
2.1336017381950564e-09	0.90728396	0.42020783	0.009445332	0.3262708	0.15214257	5.685256e-06
2.148236057823601e-09	0.9072976	0.4201777	0.009481341	0.3262708	0.15214257	-1.6530237e-05
2.162870196590213e-09	0.9073243	0.42012048	0.009460202	0.3262708	0.15214257	-5.9702165e-06
2.1775044827900087e-09	0.9073136	0.42014474	0.009419486	0.3262708	0.15214257	1.6529657e-05
2.192626584346563e-09	0.9072874	0.4202011	0.009433133	0.3262708	0.15214257	5.387914e-06
2.2072608108002395e-09	0.90729666	0.42018053	0.009468266	0.3262708	0.15214257	-1.6837723e-05
2.2218952918854257e-09	0.9073197	0.42013064	0.009455113	0.3262708	0.15214257	-5.675853e-06
2.236529140363261e-09	0.90730846	0.4201553	0.009425782	0.3262708	0.15214257	1.6844328e-05
2.2511635633191235e-09	0.9072855	0.42020455	0.009446188	0.3262708	0.15214257	5.9664612e-06
2.265797635785761e-09	0.90729904	0.4201746	0.009479173	0.3262708	0.15214257	-1.6847138e-05
2.2804311250354717e-09	0.9073253	0.42011884	0.009455747	0.3262708	0.15214257	-6.2602016e-06
2.2955525612287493e-09	0.9073112	0.4201501	0.009415555	0.3262708	0.15214257	1.7157554e-05
2.3101861616117413e-09	0.9072842	0.42020768	0.009436121	0.3262708	0.15214257	5.6708236e-06
2.3248198396310542e-09	0.90729564	0.42018205	0.009475543	0.3262708	0.15214257	-1.7167014e-05
2.339453513071602e-09	0.90732175	0.42012602	0.009459559	0.3262708	0.15214257	-5.9686067e-06
2.354087620789957e-09	0.90731096	0.4201502	0.009423904	0.3262708	0.15214257	1.7172802e-05
2.368721353055921e-09	0.907286	0.42020395	0.009441559	0.3262708	0.15214257	6.2674703e-06
2.3833549154996263e-09	0.90729815	0.42017695	0.009476917	0.3262708	0.15214257	-1.7174236e-05
2.3984762281652333e-09	0.90732497	0.42011973	0.0094525535	0.3262708	0.15214257	-5.666916e-06
2.4131099731670527e-09	0.90731066	0.4201512	0.009414845	0.3262708	0.15214257	1.7499962e-05
2.4277437303949217e-09	0.9072829	0.42021045	0.009437032	0.3262708	0.15214257	5.9701206e-06
2.4423778837513225e-09	0.9072948	0.42018348	0.009478981	0.3262708	0.15214257	-1.7509446e-05
2.4570118722152987e-09	0.90732294	0.42012343	0.009462726	0.3262708	0.15214257	-6.2742297e-06
2.4716456486443814e-09	0.907313	0.42014596	0.009423387	0.3262708	0.15214257	1.7514782e-05
2.4867673591387142e-09	0.9072855	0.42020503	0.009440046	0.3262708	0.15214257	5.660647e-06
2.501401633229019e-09	0.9072983	0.42017657	0.009475839	0.3262708	0.15214257	-1.7845037e-05
2.5160362216431497e-09	0.90732443	0.42012057	0.009454481	0.3262708	0.15214257	-5.967145e-06
2.530670394880042e-09	0.9073109	0.42015055	0.009416007	0.3262708	0.15214257	1.7858942e-05
2.545304969730527e-09	0.90728277	0.42021078	0.009437275	0.3262708	0.15214257	6.2760923e-06
2.55993914355775e-09	0.90729475	0.42018402	0.009479919	0.3262708	0.15214257	-1.786881e-05
2.5745730264661734e-09	0.90732366	0.42012203	0.009464039	0.3262708	0.15214257	-6.5885642e-06
2.5896950350693225e-09	0.9073133	0.4201456	0.009421022	0.3262708	0.15214257	1.8202976e-05
2.6043290870675084e-09	0.90728617	0.42020366	0.009436225	0.3262708	0.15214257	5.9631084e-06
2.6189634169229685e-09	0.90729725	0.4201788	0.009472209	0.3262708	0.15214257	-1.8220764e-05
2.633597517167174e-09	0.9073227	0.420124	0.009454168	0.3262708	0.15214257	-6.278849e-06
2.6482318442581376e-09	0.9073097	0.42015293	0.009419277	0.3262708	0.15214257	1.8234497e-05
2.6628658525841e-09	0.907283	0.4202105	0.00944196	0.3262708	0.15214257	6.5971226e-06
2.6775006270134388e-09	0.90729666	0.42018032	0.009482373	0.3262708	0.15214257	-1.8244356e-05
2.6926227841212997e-09	0.90732616	0.4201166	0.00946217	0.3262708	0.15214257	-5.9570434e-06
2.707257489864644e-09	0.9073143	0.4201432	0.009417896	0.3262708	0.15214257	1.8595932e-05
2.7218919091288717e-09	0.9072856	0.420205	0.009432319	0.3262708	0.15214257	6.2778054e-06
2.7365263431769254e-09	0.9072955	0.42018262	0.009470758	0.3262708	0.15214257	-1.8614319e-05
2.7511609402330957e-09	0.90732133	0.4201271	0.009456369	0.3262708	0.15214257	-6.601251e-06
2.7657951587778424e-09	0.9073095	0.42015362	0.009423874	0.3262708	0.15214257	1.8628542e-05
2.7804294887989665e-09	0.90728396	0.4202082	0.009446335	0.3262708	0.15214257	6.9281323e-06
2.795551269262231e-09	0.90729994	0.42017308	0.009481914	0.3262708	0.15214257	-1.8984274e-05
2.8101856405476004e-09	0.90732795	0.420113	0.00945416	0.3262708	0.15214257	-6.277807e-06
2.8248197060345374e-09	0.9073125	0.4201471	0.0094101485	0.3262708	0.15214257	1.9006971e-05
2.8394539134435624e-09	0.9072814	0.42021373	0.009432224	0.3262708	0.15214257	6.6095536e-06
2.854087800242336e-09	0.9072932	0.42018756	0.009478712	0.3262708	0.15214257	-1.9025225e-05
2.868721473973374e-09	0.90732306	0.4201235	0.009464594	0.3262708	0.15214257	-6.9453868e-06
2.8833552075888754e-09	0.90731287	0.42014608	0.009425125	0.3262708	0.15214257	1.9038675e-05
2.8984764686771917e-09	0.9072864	0.4202029	0.009443801	0.3262708	0.15214257	6.283572e-06
2.913109876611923e-09	0.90730065	0.42017153	0.009475194	0.3262708	0.15214257	-1.9411818e-05
2.9277435736811626e-09	0.90732664	0.4201157	0.009447663	0.3262708	0.15214257	-6.624791e-06
2.942377527029384e-09	0.90730935	0.420154	0.009408563	0.3262708	0.15214257	1.9434457e-05
2.95701041894796e-09	0.9072782	0.4202206	0.009438595	0.3262708	0.15214257	6.9693638e-06
2.9716437161538173e-09	0.9072933	0.42018706	0.00948928	0.3262708	0.15214257	-1.9451634e-05
2.986764617535565e-09	0.90732795	0.42011273	0.009466371	0.3262708	0.15214257	-6.295005e-06
3.00139772181534e-09	0.90731573	0.42014003	0.009417531	0.3262708	0.15214257	1.9830295e-05
3.0160310707049547e-09	0.9072852	0.42020553	0.009431399	0.3262708	0.15214257	6.6449843e-06
3.0306642977684967e-09	0.907296	0.4201815	0.009470786	0.3262708	0.15214257	-1.985706e-05
3.045297597023929e-09	0.9073231	0.4201235	0.009453493	0.3262708	0.15214257	-6.997807e-06
3.0599308888716924e-09	0.907309	0.42015472	0.009418497	0.3262708	0.15214257	1.9879384e-05
3.0745647291656287e-09	0.90728056	0.42021558	0.009445436	0.3262708	0.15214257	7.352325e-06
3.089685908455042e-09	0.9072986	0.42017534	0.009490914	0.3262708	0.15214257	-2.0265166e-05
3.104319459127186e-09	0.90733135	0.42010555	0.00945956	0.3262708	0.15214257	-6.6638504e-06
3.11895284746109e-09	0.90731573	0.42014024	0.009406418	0.3262708	0.15214257	2.0297433e-05
3.1335869403106937e-09	0.9072811	0.4202149	0.009425388	0.3262708	0.15214257	7.0224896e-06
3.148220712982669e-09	0.90729123	0.42019185	0.0094760135	0.3262708	0.15214257	-2.032596e-05
3.1628546047360548e-09	0.9073222	0.4201251	0.009465712	0.3262708	0.15214257	-7.3839037e-06
3.1774880300934305e-09	0.9073125	0.42014703	0.009427187	0.3262708	0.15214257	2.0349597e-05
3.192609894766616e-09	0.90728426	0.4202074	0.009443885	0.3262708	0.15214257	6.678741e-06
3.2072432050913128e-09	0.90729964	0.42017332	0.009479499	0.3262708	0.15214257	-2.0756626e-05
3.221876820843985e-09	0.90732884	0.420111	0.00945073	0.3262708	0.15214257	-7.0467636e-06
3.2365102540253224e-09	0.9073115	0.4201495	0.009406179	0.3262708	0.15214257	2.0790156e-05
3.2511436549217295e-09	0.90727794	0.42022166	0.009434064	0.3262708	0.15214257	7.418374e-06
3.2657773340343064e-09	0.907292	0.42019004	0.009486945	0.3262708	0.15214257	-2.0819172e-05
3.2808985280394107e-09	0.90732735	0.42011395	0.009469431	0.3262708	0.15214257	-6.6981015e-06
3.295532559730054e-09	0.9073159	0.4201396	0.009420407	0.3262708	0.15214257	2.123368e-05
3.3101659341683912e-09	0.9072851	0.42020586	0.009433595	0.3262708	0.15214257	7.0735587e-06
3.3247999630885987e-09	0.90729696	0.42017937	0.009471783	0.3262708	0.15214257	-2.127345e-05
3.339434153719102e-09	0.907325	0.4201193	0.009451073	0.3262708	0.15214257	-7.4507693e-06
3.35406858571342e-09	0.90730906	0.4201548	0.009414312	0.3262708	0.15214257	2.130969e-05
3.368703101093173e-09	0.90727836	0.42022032	0.0094446605	0.3262708	0.15214257	7.829917e-06
3.383824919087087e-09	0.90729666	0.42017946	0.009490336	0.3262708	0.15214257	-2.1732756e-05
3.398458591460788e-09	0.90733075	0.42010668	0.009461655	0.3262708	0.15214257	-7.0930423e-06
3.413091965992829e-09	0.9073155	0.4201409	0.009409612	0.3262708	0.15214257	2.1778742e-05
3.4277257851888626e-09	0.907281	0.42021495	0.009429575	0.3262708	0.15214257	7.481673e-06
3.4423591260019724e-09	0.90729344	0.4201871	0.009477657	0.3262708	0.15214257	-2.1820244e-05
3.4569926110723966e-09	0.90732527	0.42011878	0.009460284	0.3262708	0.15214257	-7.8750045e-06
3.471626635372592e-09	0.9073116	0.4201489	0.009418976	0.3262708	0.15214257	2.1857411e-05
3.486747445563342e-09	0.90728074	0.42021495	0.009445367	0.3262708	0.15214257	7.1221575e-06
3.5013807129579303e-09	0.9072986	0.4201753	0.009485983	0.3262708	0.15214257	-2.2303026e-05
3.516014068385718e-09	0.9073313	0.42010573	0.009454188	0.3262708	0.15214257	-7.521652e-06
3.5306474441921147e-09	0.90731317	0.42014608	0.009404324	0.3262708	0.15214257	2.2350949e-05
3.545280388309694e-09	0.90727717	0.42022333	0.00943243	0.3262708	0.15214257	7.925978e-06
3.5599136765190062e-09	0.907292	0.42018986	0.00948731	0.3262708	0.15214257	-2.2393746e-05
3.574546809640748e-09	0.9073281	0.42011207	0.009467473	0.3262708	0.15214257	-8.334178e-06
3.5896679167334178e-09	0.9073136	0.42014474	0.009415532	0.3262708	0.15214257	2.2849083e-05
3.6043010897273747e-09	0.9072807	0.42021537	0.009437815	0.3262708	0.15214257	7.5662833e-06
3.618935486141934e-09	0.90729666	0.42018017	0.009482628	0.3262708	0.15214257	-2.2904898e-05
3.633569656793444e-09	0.90732974	0.42010888	0.00945591	0.3262708	0.15214257	-7.975381e-06
3.6482037686259487e-09	0.9073128	0.42014682	0.009407751	0.3262708	0.15214257	2.2956718e-05
3.662838652280713e-09	0.9072769	0.42022336	0.009435627	0.3262708	0.15214257	8.387805e-06
3.677472777818705e-09	0.90729284	0.42018804	0.009489339	0.3262708	0.15214257	-2.300457e-05
3.6925948502368064e-09	0.90733105	0.42010581	0.009464171	0.3262708	0.15214257	-7.5958837e-06
3.7072283152642146e-09	0.90731543	0.42014095	0.009410219	0.3262708	0.15214257	2.348799e-05
3.721862790115172e-09	0.9072795	0.42021835	0.009432219	0.3262708	0.15214257	8.017128e-06
3.736496782573872e-09	0.90729403	0.42018566	0.009482515	0.3262708	0.15214257	-2.354796e-05
3.751130920347167e-09	0.90732896	0.42011073	0.009460328	0.3262708	0.15214257	-8.442581e-06
3.76576478505905e-09	0.9073135	0.42014483	0.009411735	0.3262708	0.15214257	2.360288e-05
3.780886722991987e-09	0.90727675	0.4202237	0.009438047	0.3262708	0.15214257	7.631438e-06
3.79552014036899e-09	0.90729445	0.42018428	0.009489742	0.3262708	0.15214257	-2.4097199e-05
3.810153540471697e-09	0.90733135	0.42010522	0.009462884	0.3262708	0.15214257	-8.066701e-06
3.824787280286251e-09	0.9073155	0.420141	0.009409262	0.3262708	0.15214257	2.4164532e-05
3.8394204942786784e-09	0.9072788	0.42022	0.009432314	0.3262708	0.15214257	8.506644e-06
3.8540541294925135e-09	0.9072936	0.4201865	0.009483643	0.3262708	0.15214257	-2.4226863e-05
3.868687968066416e-09	0.90732944	0.4201096	0.009460617	0.3262708	0.15214257	-8.9503e-06
3.883809786082891e-09	0.907313	0.42014614	0.009410819	0.3262708	0.15214257	2.4733486e-05
3.898443332429111e-09	0.90727717	0.42022294	0.009437813	0.3262708	0.15214257	8.120957e-06
3.91307721914024e-09	0.9072948	0.42018372	0.009488934	0.3262708	0.15214257	-2.481018e-05
3.927710816753241e-09	0.9073322	0.42010388	0.009461203	0.3262708	0.15214257	-8.571605e-06
3.942344501714404e-09	0.9073153	0.42014152	0.009407324	0.3262708	0.15214257	2.4882054e-05
3.9569786621819155e-09	0.90727717	0.42022288	0.009432566	0.3262708	0.15214257	9.026706e-06
3.971612110472925e-09	0.9072929	0.42018777	0.009485993	0.3262708	0.15214257	-2.4949471e-05
3.986733950885e-09	0.90733033	0.42010757	0.009460629	0.3262708	0.15214257	-8.1754215e-06
4.001368344377484e-09	0.90731287	0.4201463	0.00941085	0.3262708	0.15214257	2.5488722e-05
4.016002294265861e-09	0.90727663	0.42022407	0.009439564	0.3262708	0.15214257	8.636417e-06
4.030636080989626e-09	0.90729564	0.42018196	0.009490797	0.3262708	0.15214257	-2.557096e-05
4.04526950722991e-09	0.9073341	0.42009968	0.009459179	0.3262708	0.15214257	-9.106292e-06
4.059902962489394e-09	0.9073153	0.42014137	0.009401894	0.3262708	0.15214257	2.564764e-05
4.074536641985899e-09	0.90727437	0.420229	0.00943048	0.3262708	0.15214257	9.582246e-06
4.089658355600836e-09	0.90729284	0.42018792	0.009490274	0.3262708	0.15214257	-2.6200556e-05
4.104292210257034e-09	0.90733194	0.42010412	0.009463862	0.3262708	0.15214257	-8.7086655e-06
4.118925901397143e-09	0.9073147	0.42014253	0.009409743	0.3262708	0.15214257	2.6293314e-05
4.133559468082887e-09	0.90727663	0.42022425	0.0094369445	0.3262708	0.15214257	9.192222e-06
4.1481933106580424e-09	0.9072951	0.42018303	0.009489628	0.3262708	0.15214257	-2.6381264e-05
4.162826647625759e-09	0.90733427	0.42009902	0.009457911	0.3262708	0.15214257	-9.682299e-06
4.177947835170953e-09	0.9073126	0.42014724	0.009399481	0.3262708	0.15214257	2.6948937e-05
4.192581681521166e-09	0.90727156	0.4202351	0.00943542	0.3262708	0.15214257	8.78576e-06
4.207215400447712e-09	0.9072918	0.42018986	0.0094979135	0.3262708	0.15214257	-2.7053298e-05
4.221849162644389e-09	0.907335	0.4200973	0.009468858	0.3262708	0.15214257	-9.283244e-06
4.236482426933261e-09	0.9073183	0.42013493	0.009405914	0.3262708	0.15214257	2.7152508e-05
4.251116395104909e-09	0.9072766	0.4202246	0.009428586	0.3262708	0.15214257	9.788217e-06
4.265750320610557e-09	0.9072922	0.42018917	0.009485301	0.3262708	0.15214257	-2.7247908e-05
4.280872325598348e-09	0.9073334	0.42010123	0.009456928	0.3262708	0.15214257	-8.863315e-06
4.295506451768359e-09	0.9073124	0.42014775	0.009403196	0.3262708	0.15214257	2.7855891e-05
4.310141065727997e-09	0.90727156	0.42023513	0.009439208	0.3262708	0.15214257	9.37242e-06
4.324775097108358e-09	0.9072932	0.42018688	0.009500526	0.3262708	0.15214257	-2.7969549e-05
4.339408936431174e-09	0.9073378	0.42009124	0.00946666	0.3262708	0.15214257	-9.891377e-06
4.354042646229659e-09	0.9073193	0.42013282	0.009398872	0.3262708	0.15214257	2.8077533e-05
4.368676615077251e-09	0.90727395	0.4202303	0.009423339	0.3262708	0.15214257	1.04182855e-05
4.383798331484525e-09	0.90729	0.42019403	0.009489399	0.3262708	0.15214257	-2.8703918e-05
4.3984322948604535e-09	0.9073322	0.4201034	0.009466178	0.3262708	0.15214257	-9.468407e-06
4.413066192725693e-09	0.9073147	0.42014268	0.009410638	0.3262708	0.15214257	2.8830753e-05
4.427699814294653e-09	0.90727454	0.42022857	0.009439784	0.3262708	0.15214257	1.0005235e-05
4.442333804273835e-09	0.9072955	0.42018208	0.009494507	0.3262708	0.15214257	-2.8952869e-05
4.45696752675671e-09	0.9073382	0.42009073	0.009457593	0.3262708	0.15214257	-1.0549429e-05
4.471601181548189e-09	0.9073161	0.42013955	0.009393479	0.3262708	0.15214257	2.907015e-05
4.486722786771733e-09	0.9072687	0.42024142	0.009428587	0.3262708	0.15214257	9.572024e-06
4.501356447167938e-09	0.9072888	0.4201964	0.009498761	0.3262708	0.15214257	-2.9740899e-05
4.515989667492431e-09	0.9073354	0.4200965	0.009472697	0.3262708	0.15214257	-1.012875e-05
4.530623129752817e-09	0.90731853	0.4201343	0.009408481	0.3262708	0.15214257	2.9877323e-05
4.545256739552992e-09	0.90727556	0.42022666	0.009432418	0.3262708	0.15214257	1.0693481e-05
4.559889921285441e-09	0.9072942	0.42018506	0.009488172	0.3262708	0.15214257	-3.0009356e-05
4.575010606627346e-09	0.90733606	0.42009535	0.009453257	0.3262708	0.15214257	-9.690309e-06
4.589643684027767e-09	0.9073119	0.42014894	0.009396997	0.3262708	0.15214257	3.070216e-05
4.6042768832838205e-09	0.90726733	0.42024446	0.00943958	0.3262708	0.15214257	1.0268131e-05
4.6189099035401396e-09	0.9072919	0.42018956	0.009507617	0.3262708	0.15214257	-3.085471e-05
4.633543335716392e-09	0.9073412	0.4200838	0.009469735	0.3262708	0.15214257	-1.0854709e-05
4.648177108318025e-09	0.90732074	0.42012957	0.009395248	0.3262708	0.15214257	3.1004056e-05
4.6628105836699006e-09	0.90727144	0.42023563	0.009422388	0.3262708	0.15214257	1.1448154e-05
4.677931863225556e-09	0.9072908	0.42019236	0.009490323	0.3262708	0.15214257	-3.172384e-05
4.692565580453027e-09	0.90733516	0.42009708	0.009461563	0.3262708	0.15214257	-1.0410957e-05
4.707199418385877e-09	0.9073133	0.42014554	0.009403443	0.3262708	0.15214257	3.189633e-05
4.721833371747542e-09	0.90726894	0.4202406	0.009442178	0.3262708	0.15214257	1.101415e-05
4.7364674496967915e-09	0.90729433	0.42018422	0.009505948	0.3262708	0.15214257	-3.2065418e-05
4.751100979448887e-09	0.9073438	0.42007846	0.009462066	0.3262708	0.15214257	-1.1628234e-05
4.765734715803743e-09	0.9073197	0.42013234	0.009385479	0.3262708	0.15214257	3.2229513e-05
4.780855677100851e-09	0.9072651	0.42024937	0.009425665	0.3262708	0.15214257	1.055783e-05
4.795489741637615e-09	0.9072876	0.42019916	0.009503321	0.3262708	0.15214257	-3.300606e-05
4.8101230796350425e-09	0.9073388	0.42008913	0.009473388	0.3262708	0.15214257	-1.1184868e-05
4.824756629013875e-09	0.9073189	0.42013335	0.009402639	0.3262708	0.15214257	3.319452e-05
4.839390258133975e-09	0.9072707	0.42023683	0.009432258	0.3262708	0.15214257	1.1823862e-05
4.854023674160357e-09	0.9072926	0.4201882	0.009497211	0.3262708	0.15214257	-3.3379332e-05
4.868657569797548e-09	0.9073415	0.4200837	0.009459254	0.3262708	0.15214257	-1.2473799e-05
4.883778854121451e-09	0.9073149	0.42014277	0.009386225	0.3262708	0.15214257	3.4188368e-05
4.898412519371222e-09	0.9072625	0.42025465	0.009432028	0.3262708	0.15214257	1.136781e-05
4.913046181703598e-09	0.9072881	0.42019755	0.009512103	0.3262708	0.15214257	-3.4400335e-05
4.92768010067485e-09	0.9073434	0.4200788	0.009475568	0.3262708	0.15214257	-1.2030491e-05
4.9423137700242224e-09	0.90732265	0.42012575	0.009394456	0.3262708	0.15214257	3.460924e-05
4.956947289120751e-09	0.9072691	0.4202407	0.009422171	0.3262708	0.15214257	1.2707057e-05
4.972069291786628e-09	0.9072902	0.42019352	0.009497571	0.3262708	0.15214257	-3.545404e-05
4.986703972116704e-09	0.9073407	0.4200854	0.009462824	0.3262708	0.15214257	-1.1555625e-05
5.0013377903115906e-09	0.90731573	0.42014074	0.00939411	0.3262708	0.15214257	3.5693167e-05
5.015971620312354e-09	0.907264	0.42025122	0.009436184	0.3262708	0.15214257	1.2245041e-05
5.030605770473692e-09	0.9072907	0.42019194	0.009511061	0.3262708	0.15214257	-3.5928824e-05
5.045239870869856e-09	0.90734625	0.42007312	0.0094681755	0.3262708	0.15214257	-1.2945715e-05
5.059873611358726e-09	0.90732175	0.4201281	0.009385544	0.3262708	0.15214257	3.6161382e-05
5.074994815689118e-09	0.9072636	0.4202527	0.009422772	0.3262708	0.15214257	1.1759144e-05
5.0896285240276805e-09	0.9072874	0.42019957	0.009503724	0.3262708	0.15214257	-3.7078633e-05
5.104261884365862e-09	0.907342	0.42008203	0.00946995	0.3262708	0.15214257	-1.248e-05
5.118895566187974e-09	0.9073183	0.42013493	0.009395585	0.3262708	0.15214257	3.7342274e-05
5.1335296322652845e-09	0.9072648	0.42024967	0.009433907	0.3262708	0.15214257	1.3213031e-05
5.1481632850043925e-09	0.90729123	0.42019105	0.009508075	0.3262708	0.15214257	-3.760446e-05
5.162797873099235e-09	0.9073472	0.42007113	0.009463238	0.3262708	0.15214257	-1.3959352e-05
5.1779196435918005e-09	0.9073183	0.4201357	0.009381735	0.3262708	0.15214257	3.85691e-05
5.192554411005452e-09	0.9072601	0.4202602	0.0094276145	0.3262708	0.15214257	1.2723229e-05
5.207188940598046e-09	0.9072872	0.42019948	0.009512669	0.3262708	0.15214257	-3.8868828e-05
5.221823553407795e-09	0.9073463	0.42007253	0.009472307	0.3262708	0.15214257	-1.3483385e-05
5.236457868712778e-09	0.90732104	0.42012924	0.009388539	0.3262708	0.15214257	3.9166676e-05
5.251091524392102e-09	0.9072627	0.42025477	0.009427583	0.3262708	0.15214257	1.4265162e-05
5.2657258999424035e-09	0.90728873	0.42019668	0.009509304	0.3262708	0.15214257	-3.9461705e-05
5.2808479408873646e-09	0.90734845	0.4200686	0.009461756	0.3262708	0.15214257	-1.298109e-05
5.295481867585214e-09	0.90731794	0.42013624	0.0093802195	0.3262708	0.15214257	4.051604e-05
5.310115818335998e-09	0.90725726	0.42026597	0.00942995	0.3262708	0.15214257	1.3782281e-05
5.324749779617076e-09	0.907287	0.42019987	0.009519231	0.3262708	0.15214257	-4.0850588e-05
5.339383234442797e-09	0.9073504	0.42006367	0.009473748	0.3262708	0.15214257	-1.4604001e-05
5.354017137608709e-09	0.90732354	0.4201241	0.009381247	0.3262708	0.15214257	4.118363e-05
5.3686508237087205e-09	0.9072597	0.42026114	0.00942152	0.3262708	0.15214257	1.5444115e-05
5.3837723205568285e-09	0.9072886	0.42019683	0.009513313	0.3262708	0.15214257	-4.229611e-05
5.398406048575282e-09	0.90735024	0.42006436	0.009466488	0.3262708	0.15214257	-1.4115104e-05
5.413039821415024e-09	0.9073196	0.4201324	0.00937865	0.3262708	0.15214257	4.267319e-05
5.427673422040859e-09	0.9072555	0.42026988	0.009428235	0.3262708	0.15214257	1.4978264e-05
5.4423066837799115e-09	0.907286	0.4202021	0.009522244	0.3262708	0.15214257	-4.3049713e-05
5.456940602395763e-09	0.9073532	0.42005777	0.009475212	0.3262708	0.15214257	-1.5863556e-05
5.47206190656476e-09	0.9073225	0.4201264	0.009373693	0.3262708	0.15214257	4.422912e-05
5.4866951763780695e-09	0.9072555	0.42027035	0.009421455	0.3262708	0.15214257	1.4481986e-05
5.501328387942138e-09	0.9072852	0.42020386	0.009517221	0.3262708	0.15214257	-4.465375e-05
5.515962195895466e-09	0.9073517	0.42006114	0.009472225	0.3262708	0.15214257	-1.5392237e-05
5.530595692597209e-09	0.90732175	0.42012787	0.009379098	0.3262708	0.15214257	4.5081564e-05
5.5452294862075745e-09	0.9072547	0.4202717	0.009427279	0.3262708	0.15214257	1.6324848e-05
5.559863351756369e-09	0.907286	0.42020226	0.009523295	0.3262708	0.15214257	-4.5512104e-05
5.574984462580742e-09	0.90735745	0.42004877	0.009469996	0.3262708	0.15214257	-1.4881416e-05
5.589617416040397e-09	0.90732354	0.42012426	0.0093682455	0.3262708	0.15214257	4.6817622e-05
5.604250896404212e-09	0.90725166	0.4202783	0.009418866	0.3262708	0.15214257	1.5844824e-05
5.618884125949695e-09	0.9072826	0.42020938	0.00952251	0.3262708	0.15214257	-4.7302623e-05
5.6335166902450235e-09	0.90735406	0.4200559	0.009477359	0.3262708	0.15214257	-1.6837981e-05
5.648150037725198e-09	0.90732425	0.42012268	0.009378138	0.3262708	0.15214257	4.7790007e-05
5.6627831818955885e-09	0.9072537	0.42027396	0.0094256075	0.3262708	0.15214257	1.7855224e-05
5.6779035924547954e-09	0.9072878	0.42019826	0.009524556	0.3262708	0.15214257	-4.9185877e-05
5.692535912569075e-09	0.9073592	0.42004526	0.009467038	0.3262708	0.15214257	-1.6360773e-05
5.707168938547402e-09	0.9073225	0.4201265	0.009363782	0.3262708	0.15214257	4.9735485e-05
5.721801957142354e-09	0.9072468	0.4202886	0.009421974	0.3262708	0.15214257	1.741215e-05
5.736434681423009e-09	0.9072816	0.42021126	0.009533224	0.3262708	0.15214257	-5.0291845e-05
5.751067865473317e-09	0.9073599	0.4200435	0.009481442	0.3262708	0.15214257	-1.8495371e-05
5.766188858575903e-09	0.90732557	0.42012003	0.009369588	0.3262708	0.15214257	5.1793617e-05
5.780822237139874e-09	0.90725005	0.42028195	0.009421461	0.3262708	0.15214257	1.6922279e-05
5.795455449787423e-09	0.9072852	0.42020345	0.009525194	0.3262708	0.15214257	-5.2423657e-05
5.810089183299374e-09	0.9073607	0.420042	0.009467634	0.3262708	0.15214257	-1.8035145e-05
5.824722437256174e-09	0.9073222	0.4201273	0.009361719	0.3262708	0.15214257	5.306382e-05
5.839356186763432e-09	0.90724283	0.42029735	0.009426402	0.3262708	0.15214257	1.9182766e-05
5.853990229876575e-09	0.907282	0.42021033	0.009543768	0.3262708	0.15214257	-5.3715707e-05
5.86911178052284e-09	0.9073677	0.4200269	0.009476381	0.3262708	0.15214257	-1.7525543e-05
5.883745591522576e-09	0.90732795	0.42011535	0.009355053	0.3262708	0.15214257	5.54129e-05
5.898379356381055e-09	0.90724325	0.42029658	0.009413533	0.3262708	0.15214257	1.8709161e-05
5.913013057490309e-09	0.90727997	0.42021486	0.009533513	0.3262708	0.15214257	-5.6150504e-05
5.927646729670479e-09	0.9073634	0.42003566	0.009477929	0.3262708	0.15214257	-1.9933832e-05
5.942280523723082e-09	0.9073259	0.4201193	0.00936206	0.3262708	0.15214257	5.6902416e-05
5.956914081921706e-09	0.9072415	0.42030025	0.009424272	0.3262708	0.15214257	2.120057e-05
5.972035489960047e-09	0.9072858	0.42020175	0.009547028	0.3262708	0.15214257	-5.8747446e-05
5.986668865805768e-09	0.90737313	0.42001507	0.009471736	0.3262708	0.15214257	-1.946587e-05
6.0013025241571645e-09	0.9073281	0.420115	0.009341682	0.3262708	0.15214257	5.9598795e-05
6.01593616109638e-09	0.9072349	0.4203147	0.009410657	0.3262708	0.15214257	2.078127e-05
6.030569620751144e-09	0.90727514	0.4202249	0.009548319	0.3262708	0.15214257	-6.0469916e-05
6.045203280932088e-09	0.9073695	0.42002246	0.009490612	0.3262708	0.15214257	-2.2146063e-05
6.059836889194713e-09	0.9073326	0.42010507	0.009357703	0.3262708	0.15214257	6.136239e-05
6.074958394133089e-09	0.9072381	0.42030776	0.009419513	0.3262708	0.15214257	2.031621e-05
6.089591899361282e-09	0.90728235	0.42020923	0.0095451195	0.3262708	0.15214257	-6.347967e-05
6.1042261417176115e-09	0.90737474	0.4200114	0.00947175	0.3262708	0.15214257	-2.1732232e-05
6.118860154899257e-09	0.90732753	0.4201164	0.009338822	0.3262708	0.15214257	6.449836e-05
6.133494085077483e-09	0.90722895	0.42032748	0.0094159935	0.3262708	0.15214257	2.3202763e-05
6.148127815083769e-09	0.9072747	0.4202255	0.009562362	0.3262708	0.15214257	-6.554446e-05
6.163249453240005e-09	0.90738076	0.41999826	0.009488526	0.3262708	0.15214257	-2.1268048e-05
6.177882541565872e-09	0.9073344	0.4201018	0.009339062	0.3262708	0.15214257	6.788373e-05
6.192516290754606e-09	0.9072318	0.42032185	0.009405966	0.3262708	0.15214257	2.281063e-05
6.207150282832235e-09	0.907276	0.4202233	0.00954903	0.3262708	0.15214257	-6.907801e-05
6.221783938495198e-09	0.90737677	0.4200067	0.009480299	0.3262708	0.15214257	-2.441282e-05
6.236417605093897e-09	0.90732944	0.42011204	0.009340598	0.3262708	0.15214257	7.0310176e-05
6.251051935281961e-09	0.90722555	0.42033467	0.009420264	0.3262708	0.15214257	2.6082173e-05
6.266173947364222e-09	0.9072798	0.42021433	0.009571947	0.3262708	0.15214257	-7.292283e-05
6.2808080632251946e-09	0.9073888	0.41998067	0.009482037	0.3262708	0.15214257	-2.403298e-05
6.2954421843491975e-09	0.907335	0.4201006	0.009320703	0.3262708	0.15214257	7.433711e-05
6.310076219199913e-09	0.90722054	0.42034602	0.00940209	0.3262708	0.15214257	2.5783724e-05
6.324709926062995e-09	0.90727013	0.42023537	0.009567346	0.3262708	0.15214257	-7.58031e-05
6.3393435847565395e-09	0.90738505	0.41998863	0.009493282	0.3262708	0.15214257	-2.7623782e-05
6.353976631266283e-09	0.90733606	0.42009792	0.009332815	0.3262708	0.15214257	7.732302e-05
6.3690976484526134e-09	0.90722007	0.42034686	0.0094177695	0.3262708	0.15214257	2.5465553e-05
6.383730880557047e-09	0.9072782	0.42021796	0.009574308	0.3262708	0.15214257	-8.0423735e-05
6.398364539078566e-09	0.9073952	0.41996711	0.009477364	0.3262708	0.15214257	-2.7409722e-05
6.412997803059861e-09	0.90733427	0.4201025	0.009307144	0.3262708	0.15214257	8.218008e-05
6.42763144470803e-09	0.9072085	0.420372	0.009405923	0.3262708	0.15214257	2.9454168e-05
6.4422642925665304e-09	0.9072669	0.4202416	0.00959206	0.3262708	0.15214257	-8.4012914e-05
6.4568975723860046e-09	0.9073988	0.41995877	0.009502671	0.3262708	0.15214257	-3.1614272e-05
6.472018853810228e-09	0.9073392	0.42009184	0.009310575	0.3262708	0.15214257	8.756142e-05
6.486652253270166e-09	0.9072095	0.4203698	0.00940343	0.3262708	0.15214257	2.9326735e-05
6.501285726390039e-09	0.9072707	0.42023352	0.009585377	0.3262708	0.15214257	-8.969367e-05
6.5159189593343925e-09	0.90740275	0.41995078	0.009486208	0.3262708	0.15214257	-3.1618798e-05
6.530552564278787e-09	0.9073379	0.42009488	0.009298489	0.3262708	0.15214257	9.193378e-05
6.54518601884719e-09	0.90719867	0.42039308	0.0094060125	0.3262708	0.15214257	3.4041586e-05
6.560307401993937e-09	0.9072709	0.42023242	0.009612497	0.3262708	0.15214257	-9.605417e-05
6.574940976774579e-09	0.9074154	0.4199232	0.009494744	0.3262708	0.15214257	-3.1602343e-05
6.589575111366305e-09	0.9073444	0.42008135	0.009282363	0.3262708	0.15214257	9.868346e-05
6.6042089187575e-09	0.9071934	0.42040464	0.0093911905	0.3262708	0.15214257	3.418799e-05
6.618842433113328e-09	0.9072613	0.42025352	0.00960835	0.3262708	0.15214257	-0.00010146382
6.633476093862198e-09	0.9074149	0.41992396	0.009503389	0.3262708	0.15214257	-3.695047e-05
6.648109390132835e-09	0.9073464	0.42007676	0.009285671	0.3262708	0.15214257	0.00010441104
6.6632306551017065e-09	0.9071854	0.42042145	0.009406623	0.3262708	0.15214257	3.4352062e-05
6.6778646532251e-09	0.9072663	0.42024222	0.009628071	0.3262708	0.15214257	-0.00010962568
6.692498406729976e-09	0.90742975	0.41989198	0.009496678	0.3262708	0.15214257	-3.733059e-05
6.707131799310333e-09	0.9073485	0.420073	0.009257567	0.3262708	0.15214257	0.000113138376
6.7217655676309745e-09	0.90717494	0.42044464	0.009386295	0.3262708	0.15214257	4.0534218e-05
6.736399446341997e-09	0.9072537	0.42026892	0.009639006	0.3262708	0.15214257	-0.000116898336
6.751033080164199e-09	0.90743387	0.4198825	0.009516625	0.3262708	0.15214257	-4.3977238e-05
6.766154983462372e-09	0.90735006	0.4200697	0.009253872	0.3262708	0.15214257	0.00012323784
6.780788774035313e-09	0.90716803	0.42045966	0.009391226	0.3262708	0.15214257	4.1242878e-05
6.795422451792689e-09	0.9072577	0.42026037	0.009650308	0.3262708	0.15214257	-0.00012778431
6.8100559325687004e-09	0.90744764	0.41985327	0.009504608	0.3262708	0.15214257	-4.503527e-05
6.824690171879557e-09	0.9073545	0.42006055	0.009230847	0.3262708	0.15214257	0.00013270062
6.839324250663443e-09	0.90715265	0.42049295	0.00938292	0.3262708	0.15214257	4.9141116e-05
6.853958047612755e-09	0.90724677	0.42028305	0.009676811	0.3262708	0.15214257	-0.00013803766
6.869079980384362e-09	0.90746355	0.41981834	0.009515077	0.3262708	0.15214257	-4.625397e-05
6.88371446821201e-09	0.90735966	0.42004982	0.009211926	0.3262708	0.15214257	0.00014670067
6.898348546840882e-09	0.90714025	0.42052007	0.009376959	0.3262708	0.15214257	5.0842864e-05
6.912982596998853e-09	0.90724605	0.42028436	0.009691381	0.3262708	0.15214257	-0.00015334654
6.927616631432468e-09	0.9074761	0.41979125	0.009519086	0.3262708	0.15214257	-5.5905224e-05
6.9422503665022075e-09	0.9073655	0.42003742	0.009188341	0.3262708	0.15214257	0.0001606627
6.956884526260968e-09	0.9071205	0.42056233	0.00937156	0.3262708	0.15214257	6.151323e-05
6.972006490553993e-09	0.9072449	0.4202858	0.009730666	0.3262708	0.15214257	-0.00017206377
6.9866405587907225e-09	0.9075014	0.41973647	0.009523586	0.3262708	0.15214257	-5.869833e-05
7.0012739162169096e-09	0.90737164	0.42002544	0.009150446	0.3262708	0.15214257	0.00018144315
7.015907698198506e-09	0.9070973	0.42061326	0.009361203	0.3262708	0.15214257	6.521419e-05
7.030541666284532e-09	0.9072299	0.42031786	0.009758934	0.3262708	0.15214257	-0.000191975
7.045176079766203e-09	0.9075223	0.4196908	0.009541215	0.3262708	0.15214257	-7.254553e-05
7.060298334829169e-09	0.90737194	0.42002517	0.009114262	0.3262708	0.15214257	0.00020784941
7.0749324888672885e-09	0.90706605	0.42068014	0.009368095	0.3262708	0.15214257	6.98979e-05
7.089566735240658e-09	0.90722877	0.42031917	0.009811726	0.3262708	0.15214257	-0.00022194552
7.104200535930568e-09	0.9075615	0.4196063	0.009540934	0.3262708	0.15214257	-7.8741876e-05
7.118834301772894e-09	0.907391	0.41998532	0.009054062	0.3262708	0.15214257	0.00023820273
7.1334676215878095e-09	0.9070272	0.42076445	0.009337368	0.3262708	0.15214257	8.9044406e-05
7.148101318668065e-09	0.9072047	0.42036954	0.009869657	0.3262708	0.15214257	-0.00025717882
7.163222894516836e-09	0.907607	0.41950747	0.009548594	0.3262708	0.15214257	-8.719695e-05
7.17785667543037e-09	0.90739745	0.41997296	0.008986415	0.3262708	0.15214257	0.0002853451
7.192490014127649e-09	0.9069726	0.42088237	0.009339462	0.3262708	0.15214257	0.00010041074
7.20712360504169e-09	0.90719944	0.42037886	0.009958745	0.3262708	0.15214257	-0.00031327084
7.221757430458659e-09	0.9076721	0.41936618	0.009570211	0.3262708	0.15214257	-0.000116474876
7.236390586408604e-09	0.90742475	0.4199161	0.008875535	0.3262708	0.15214257	0.0003475681
7.251024231421932e-09	0.90689105	0.42105836	0.0093038175	0.3262708	0.15214257	0.00013647239
7.2661456640855496e-09	0.9071852	0.42040622	0.01010139	0.3262708	0.15214257	-0.00039880682
7.2807793111189e-09	0.9077784	0.41913587	0.009580622	0.3262708	0.15214257	-0.00014040226
7.295412544751339e-09	0.9074423	0.41988188	0.008707835	0.3262708	0.15214257	0.00045656244
7.310046316941692e-09	0.9067566	0.42134833	0.009302116	0.3262708	0.15214257	0.0001709167
7.324679686222867e-09	0.90714425	0.42048937	0.010311209	0.3262708	0.15214257	-0.00053468865
7.3393131144873936e-09	0.90795356	0.4187553	0.009603515	0.3262708	0.15214257	-0.00021327636
7.35394712338569e-09	0.90749025	0.4197843	0.008402395	0.3262708	0.15214257	0.0006463691
7.369068468771926e-09	0.9064843	0.42193308	0.009342139	0.3262708	0.15214257	0.00023896246
7.383701910421169e-09	0.9071256	0.42051816	0.010778509	0.3262708	0.15214257	-0.0008386706
7.3983347465041746e-09	0.9083657	0.4178622	0.0095325075	0.3262708	0.15214257	-0.00033067525
7.412968067852819e-09	0.90750515	0.41976634	0.0076816115	0.3262708	0.15214257	0.0011526542
7.42760127471722e-09	0.9057832	0.42343274	0.009486595	0.3262708	0.15214257	0.00050875766
7.442234851125628e-09	0.90712196	0.42049098	0.012038126	0.3262708	0.15214257	-0.0018538991
7.45735589030694e-09	0.90991944	0.4144877	0.008634368	0.3262708	0.15214257	-0.0008769905
7.471989220703112e-09	0.9066963	0.42155287	0.004916441	0.3262708	0.15214257	0.0050417767
7.486622834164091e-09	0.8970664	0.4413871	0.016560756	0.3262708	0.15214257	0.009827296
7.50125723970511e-09	0.89266735	0.44830835	0.04437917	0.3262708	0.15214257	0.007625815
7.515890837766637e-09	0.9040953	0.42255518	0.061932895	0.3262708	0.15214257	0.0011831488
7.530521812548755e-09	0.9228441	0.38260233	0.041819207	0.3262708	0.15214257	-0.0021544674
7.545151829050917e-09	0.9287505	0.37037456	-0.007677981	0.3262708	0.15214257	-0.0005849981
7.560270508790931e-09	0.91385317	0.40334472	-0.045317344	0.3262708	0.15214257	0.0012623487
7.574905892793735e-09	0.8927206	0.4490374	-0.035913873	0.3262708	0.15214257	0.00034294798
7.589543371863118e-09	0.8833002	0.46847805	0.009127249	0.3262708	0.15214257	-0.00088810833
7.604180833435427e-09	0.89160097	0.44937792	0.05214953	0.3262708	0.15214257	-0.00026661286
7.618814633819464e-09	0.9099296	0.4096538	0.060941853	0.3262708	0.15214257	0.0006833043
7.633445363460684e-09	0.92466134	0.37892553	0.030759253	0.3262708	0.15214257	0.00022200737
7.648076011060615e-09	0.9251707	0.3788259	-0.015192821	0.3262708	0.15214257	-0.00055386516
7.663196147748652e-09	0.9104068	0.4112969	-0.042542227	0.3262708	0.15214257	-0.00016547022
7.677832423188654e-09	0.8922439	0.45039228	-0.028224248	0.3262708	0.15214257	0.00047235354
7.692471055927115e-09	0.8845733	0.4656114	0.015556	0.3262708	0.15214257	0.00014799397
7.707109543933722e-09	0.893894	0.44416317	0.053973537	0.3262708	0.15214257	-0.00040677586
7.72174363077081e-09	0.9125806	0.40386286	0.056470037	0.3262708	0.15214257	-0.00013499471
7.736375155679922e-09	0.925196	0.37778524	0.022219094	0.3262708	0.15214257	0.00035654355
7.751006510731785e-09	0.9223008	0.38526604	-0.020485923	0.3262708	0.15214257	0.00012523292
7.766127808636016e-09	0.90678424	0.4193782	-0.038768403	0.3262708	0.15214257	-0.00032218217
7.780764698334496e-09	0.8916708	0.45165023	-0.019145498	0.3262708	0.15214257	-0.000101208556
7.795403916798178e-09	0.8873604	0.45957413	0.0214087	0.3262708	0.15214257	0.00028993786
7.810041632885677e-09	0.89711016	0.4373086	0.052094165	0.3262708	0.15214257	9.594513e-05
7.824675481209437e-09	0.91375995	0.4015356	0.049433086	0.3262708	0.15214257	-0.00026323122
7.839306862036953e-09	0.92402667	0.38052854	0.015711706	0.3262708	0.15214257	-9.186242e-05
7.854425463937981e-09	0.9193686	0.3918311	-0.022890383	0.3262708	0.15214257	0.0002447165
7.869058937211907e-09	0.9044806	0.42440826	-0.03377832	0.3262708	0.15214257	7.6179975e-05
7.883695629354463e-09	0.89160216	0.45155233	-0.011413008	0.3262708	0.15214257	-0.00022543012
7.898334804994017e-09	0.8900943	0.4535042	0.025299883	0.3262708	0.15214257	-7.3878124e-05
7.912971945854463e-09	0.90023	0.43068263	0.048373364	0.3262708	0.15214257	0.0002088077
7.927605112068385e-09	0.9142245	0.40081668	0.041541815	0.3262708	0.15214257	7.198996e-05
7.942236228085482e-09	0.9217405	0.3858594	0.010887435	0.3262708	0.15214257	-0.0001942086
7.957355100947438e-09	0.91680187	0.3976594	-0.020761833	0.3262708	0.15214257	-6.0559276e-05
7.971988848586352e-09	0.903657	0.42617598	-0.027425779	0.3262708	0.15214257	0.00018454077
7.986626695520095e-09	0.89279646	0.44875425	-0.005972765	0.3262708	0.15214257	5.9674177e-05
8.001265932631342e-09	0.89243776	0.44829947	0.025900275	0.3262708	0.15214257	-0.00017314688
8.01590265962096e-09	0.902092	0.4267256	0.043623265	0.3262708	0.15214257	-5.879606e-05
8.030535809816515e-09	0.91398543	0.4015628	0.0350738	0.3262708	0.15214257	0.00016290974
8.04516673613225e-09	0.919435	0.3911947	0.008240759	0.3262708	0.15214257	5.8200887e-05
8.060286226322051e-09	0.9145536	0.40272233	-0.016937101	0.3262708	0.15214257	-0.00015631985
8.07492041207978e-09	0.90364337	0.42610374	-0.020866817	0.3262708	0.15214257	-4.9724058e-05
8.089558382969891e-09	0.894939	0.44401368	-0.0026063572	0.3262708	0.15214257	0.00014796943
8.10419754008983e-09	0.89460933	0.4436229	0.023538686	0.3262708	0.15214257	4.943252e-05
8.118833833442697e-09	0.9025646	0.4258373	0.038135923	0.3262708	0.15214257	-0.00014038128
8.133466806913894e-09	0.91279143	0.4044153	0.031037876	0.3262708	0.15214257	-4.9273232e-05
8.148096819751792e-09	0.91760874	0.3954204	0.008529409	0.3262708	0.15214257	0.00013337648
8.163215851771601e-09	0.91338426	0.40527627	-0.012557991	0.3262708	0.15214257	4.2356372e-05
8.17785030857894e-09	0.9041969	0.42472956	-0.01597551	0.3262708	0.15214257	-0.00012924512
8.192488325486591e-09	0.89699954	0.4394863	-0.0014514473	0.3262708	0.15214257	-4.2475283e-05
8.207126241548787e-09	0.8962719	0.44011784	0.01979753	0.3262708	0.15214257	0.00012336773
8.221762200146475e-09	0.9022349	0.42676663	0.03302111	0.3262708	0.15214257	4.255753e-05
8.236394243087027e-09	0.9110311	0.408572	0.029245252	0.3262708	0.15214257	-0.0001178914
8.251024030396188e-09	0.9161933	0.3987022	0.011267382	0.3262708	0.15214257	-4.2773598e-05
8.266142710525462e-09	0.9134501	0.40503138	-0.008114366	0.3262708	0.15214257	0.000114776514
8.280777610923471e-09	0.9054742	0.42181668	-0.013645222	0.3262708	0.15214257	3.708765e-05
8.295416235559614e-09	0.8984365	0.43634957	-0.002874118	0.3262708	0.15214257	-0.000110069355
8.310054654306552e-09	0.89678013	0.43910143	0.015901666	0.3262708	0.15214257	-3.731978e-05
8.324690650906706e-09	0.9014278	0.42876825	0.029868139	0.3262708	0.15214257	0.000105672516
8.339322539530996e-09	0.9095535	0.4121178	0.029591039	0.3262708	0.15214257	3.7630176e-05
8.353953027894598e-09	0.91537136	0.40060028	0.014923974	0.3262708	0.15214257	-0.00010150442
8.369072691695949e-09	0.9142362	0.4031841	-0.0045503555	0.3262708	0.15214257	-3.271777e-05
8.383709067157367e-09	0.9071328	0.41815606	-0.013605499	0.3262708	0.15214257	9.940372e-05
8.398348099465802e-09	0.8992714	0.4345786	-0.0062320693	0.3262708	0.15214257	3.3088243e-05
8.412986640527404e-09	0.89611655	0.44063702	0.012479432	0.3262708	0.15214257	-9.578502e-05
8.427621845808948e-09	0.9001778	0.43175045	0.029336954	0.3262708	0.15214257	-3.344554e-05
8.442253165795797e-09	0.9087976	0.4140219	0.032082215	0.3262708	0.15214257	9.233108e-05
8.456883633840396e-09	0.915565	0.4001743	0.018286804	0.3262708	0.15214257	3.3890414e-05
8.472004437230348e-09	0.9153777	0.40060118	-0.0031400274	0.3262708	0.15214257	-9.065963e-05
8.486641513245698e-09	0.9083837	0.4154556	-0.01552173	0.3262708	0.15214257	-2.9605328e-05
8.501280344744015e-09	0.8993815	0.43441954	-0.009999804	0.3262708	0.15214257	8.761274e-05
8.515918981622904e-09	0.89486694	0.44350153	0.010391052	0.3262708	0.15214257	2.9999592e-05
8.530554039599636e-09	0.898852	0.4349005	0.031026697	0.3262708	0.15214257	-8.4712345e-05
8.545185770983908e-09	0.9087043	0.41436207	0.03595063	0.3262708	0.15214257	-3.0461326e-05
8.560304801875978e-09	0.9168992	0.39718762	0.01996828	0.3262708	0.15214257	8.336804e-05
8.574938226447086e-09	0.9167629	0.3975474	-0.004353947	0.3262708	0.15214257	2.6659074e-05
8.58957491371473e-09	0.90876436	0.4146948	-0.019135293	0.3262708	0.15214257	-8.075176e-05
8.604213491011307e-09	0.8984858	0.4364612	-0.012919718	0.3262708	0.15214257	-2.7120785e-05
8.618850689607238e-09	0.89349467	0.44670126	0.010640174	0.3262708	0.15214257	7.826927e-05
8.63348448306256e-09	0.8981246	0.43673515	0.034380812	0.3262708	0.15214257	2.7588516e-05
8.648116088153943e-09	0.9093056	0.41308793	0.03972587	0.3262708	0.15214257	-7.5866024e-05
8.663235201543367e-09	0.9185659	0.39346132	0.020649835	0.3262708	0.15214257	-2.4152958e-05
8.677869503552749e-09	0.9180302	0.39479753	-0.0076503204	0.3262708	0.15214257	7.490748e-05
8.692506702553732e-09	0.90831554	0.41574317	-0.023576163	0.3262708	0.15214257	2.4673864e-05
8.707145208994993e-09	0.8967175	0.4404007	-0.014398302	0.3262708	0.15214257	-7.275208e-05
8.721782687788762e-09	0.8921453	0.44985515	0.01345354	0.3262708	0.15214257	-2.5130177e-05
8.736416431016954e-09	0.89832526	0.43647715	0.038959015	0.3262708	0.15214257	7.0671005e-05
8.751047983782997e-09	0.91079664	0.40982673	0.042251	0.3262708	0.15214257	2.5639903e-05
8.766167140922045e-09	0.9202445	0.38979316	0.018926945	0.3262708	0.15214257	-6.9875976e-05
8.780802077720344e-09	0.91856855	0.39369658	-0.012289535	0.3262708	0.15214257	-2.2544753e-05
8.795439440577997e-09	0.9071121	0.41844416	-0.027386298	0.3262708	0.15214257	6.7977606e-05
8.810078016796431e-09	0.89469	0.44493353	-0.013926254	0.3262708	0.15214257	2.302021e-05
8.824714974999667e-09	0.8911227	0.45224342	0.018096717	0.3262708	0.15214257	-6.6155604e-05
8.839348207950141e-09	0.89930487	0.4343911	0.043826204	0.3262708	0.15214257	-2.3510467e-05
8.853979986604456e-09	0.9129913	0.40500402	0.0430411	0.3262708	0.15214257	6.437191e-05
8.869100027216608e-09	0.92172563	0.38662267	0.01477891	0.3262708	0.15214257	2.066952e-05
8.88373525019693e-09	0.91807336	0.39489114	-0.017653251	0.3262708	0.15214257	-6.3808846e-05
8.898372791282234e-09	0.90512896	0.42287204	-0.029473167	0.3262708	0.15214257	-2.1177588e-05
8.913011076847703e-09	0.8929016	0.44899485	-0.011017199	0.3262708	0.15214257	6.219212e-05
8.927646889575386e-09	0.8909403	0.45275614	0.023705363	0.3262708	0.15214257	2.1651626e-05
8.942279871376212e-09	0.90096045	0.4307535	0.0476284	0.3262708	0.15214257	-6.0611575e-05
8.956911210671174e-09	0.9153193	0.39990807	0.04172531	0.3262708	0.15214257	-2.2164806e-05
8.972030851077892e-09	0.922684	0.38460943	0.009076708	0.3262708	0.15214257	6.0133763e-05
8.986665380791714e-09	0.9167043	0.39797947	-0.02275839	0.3262708	0.15214257	1.9565408e-05
9.001302044983431e-09	0.9026369	0.4284172	-0.029478764	0.3262708	0.15214257	-5.8678528e-05
9.01593923724741e-09	0.8915213	0.45214573	-0.00591119	0.3262708	0.15214257	-2.004623e-05
9.030574360994354e-09	0.891782	0.45097914	0.02956301	0.3262708	0.15214257	5.7267996e-05
9.045207275040949e-09	0.9032891	0.42566308	0.049435955	0.3262708	0.15214257	2.0539925e-05
9.059838473361505e-09	0.91732687	0.39559183	0.038043477	0.3262708	0.15214257	-5.5879675e-05
9.074958992923565e-09	0.92269766	0.38468844	0.0028140591	0.3262708	0.15214257	-1.8125966e-05
9.089594376369394e-09	0.91469306	0.40246475	-0.026353218	0.3262708	0.15214257	5.555339e-05
9.104231736845048e-09	0.9002239	0.43378758	-0.027281962	0.3262708	0.15214257	1.8614815e-05
9.118868660297031e-09	0.890757	0.45386314	0.00042229274	0.3262708	0.15214257	-5.428428e-05
9.133503316320827e-09	0.89340883	0.4473979	0.034743134	0.3262708	0.15214257	-1.9088911e-05
9.14813621032043e-09	0.90600127	0.41976285	0.049016275	0.3262708	0.15214257	5.303479e-05
9.16276753995756e-09	0.9188062	0.39248618	0.032363873	0.3262708	0.15214257	1.958349e-05
9.177888214503256e-09	0.92165416	0.38711163	-0.0032123246	0.3262708	0.15214257	-5.275588e-05
9.19252332421736e-09	0.9121989	0.40803617	-0.027646476	0.3262708	0.15214257	-1.7336271e-05
9.20716029456475e-09	0.89835477	0.43797362	-0.02289292	0.3262708	0.15214257	5.160037e-05
9.221796589034786e-09	0.8909456	0.4534392	0.006918537	0.3262708	0.15214257	1.7800185e-05
9.23643151567186e-09	0.8955747	0.44260818	0.038125176	0.3262708	0.15214257	-5.0470662e-05
9.25106391732445e-09	0.9085085	0.41433468	0.046407837	0.3262708	0.15214257	-1.8276562e-05
9.266183591923452e-09	0.91973734	0.3906085	0.024725059	0.3262708	0.15214257	5.0237057e-05
9.280816404740655e-09	0.9198381	0.39121687	-0.008104475	0.3262708	0.15214257	1.6175236e-05
9.295452011775488e-09	0.9095457	0.41396147	-0.026596129	0.3262708	0.15214257	-4.9177277e-05
9.310089357614131e-09	0.897155	0.44064793	-0.016865905	0.3262708	0.15214257	-1.6638443e-05
9.324725739099383e-09	0.89214146	0.45078593	0.012805627	0.3262708	0.15214257	4.8149388e-05
9.33936084768508e-09	0.89814454	0.43699354	0.039079398	0.3262708	0.15214257	1.7090848e-05
9.353993590668897e-09	0.9103859	0.41033745	0.04176766	0.3262708	0.15214257	-4.713276e-05
9.369113358197658e-09	0.9193661	0.39155498	0.018338898	0.3262708	0.15214257	-1.5103033e-05
9.383746631515198e-09	0.91760594	0.3962278	-0.01090813	0.3262708	0.15214257	4.698307e-05
9.398382280187701e-09	0.9072706	0.41902706	-0.023485223	0.3262708	0.15214257	1.5582817e-05
9.413019159292517e-09	0.8967215	0.44155312	-0.010355066	0.3262708	0.15214257	-4.6038076e-05
9.42765543221386e-09	0.8940019	0.44664994	0.017278185	0.3262708	0.15214257	-1.602391e-05
9.44229023485558e-09	0.9007643	0.4313251	0.03771958	0.3262708	0.15214257	4.5108896e-05
9.456922419480636e-09	0.91149884	0.4080492	0.035797533	0.3262708	0.15214257	1.647787e-05
9.472042159245085e-09	0.91804874	0.3945981	0.012994388	0.3262708	0.15214257	-4.4983895e-05
9.486675196457331e-09	0.9152021	0.40163413	-0.011190069	0.3262708	0.15214257	-1.4619996e-05
9.501310745362892e-09	0.9057503	0.42239702	-0.018683452	0.3262708	0.15214257	4.410753e-05
9.515947120115661e-09	0.89723134	0.44034436	-0.00444942	0.3262708	0.15214257	1.5062876e-05
9.530583708469678e-09	0.896181	0.4418334	0.019522384	0.3262708	0.15214257	-4.3253192e-05
9.545218031081486e-09	0.90288514	0.42677087	0.03443885	0.3262708	0.15214257	-1.5494468e-05
9.559850700552924e-09	0.9117561	0.40762857	0.029689867	0.3262708	0.15214257	4.2403746e-05
9.574971015244734e-09	0.9161892	0.39883557	0.0093814805	0.3262708	0.15214257	1.3724908e-05
9.589604956100392e-09	0.91295624	0.40668258	-0.009273579	0.3262708	0.15214257	-4.234166e-05
9.604240511026751e-09	0.9050277	0.4239541	-0.012991097	0.3262708	0.15214257	-1.4173929e-05
9.618877372272667e-09	0.89859533	0.437269	0.00015569027	0.3262708	0.15214257	4.155008e-05
9.633514063505977e-09	0.89844775	0.43689367	0.019293675	0.3262708	0.15214257	1.45896e-05
9.648148414888575e-09	0.9041708	0.42406815	0.029753942	0.3262708	0.15214257	-4.076874e-05
9.662780981638624e-09	0.91109467	0.40921918	0.024508333	0.3262708	0.15214257	-1.5019598e-05
9.677901352691877e-09	0.9141975	0.4033612	0.008085462	0.3262708	0.15214257	4.0719708e-05
9.692535259919822e-09	0.9113122	0.41035536	-0.005749614	0.3262708	0.15214257	1.3349857e-05
9.70717075073396e-09	0.90508974	0.42372337	-0.007575981	0.3262708	0.15214257	-3.998063e-05
9.721807157194335e-09	0.90040326	0.433244	0.0028946481	0.3262708	0.15214257	-1.3768183e-05
9.736443261724084e-09	0.9004559	0.43257558	0.0170227	0.3262708	0.15214257	3.9256276e-05
9.751076981537139e-09	0.9046006	0.42325878	0.024533074	0.3262708	0.15214257	1.4181271e-05
9.765709749738307e-09	0.9097035	0.41242614	0.020893337	0.3262708	0.15214257	-3.853283e-05
9.78082975718927e-09	0.91233647	0.4075919	0.00914347	0.3262708	0.15214257	-1.2589828e-05
9.795464064739646e-09	0.91052705	0.41207543	-0.0012631456	0.3262708	0.15214257	3.8529808e-05
9.810099571074088e-09	0.90595126	0.4217216	-0.0034256463	0.3262708	0.15214257	1.3011547e-05
9.824736285347422e-09	0.90224254	0.4291953	0.0033459272	0.3262708	0.15214257	-3.785412e-05
9.839371414438584e-09	0.9017611	0.42981377	0.013425918	0.3262708	0.15214257	-1.3411661e-05
9.85400498325782e-09	0.9042527	0.42415765	0.019940248	0.3262708	0.15214257	3.718179e-05
9.869125162447761e-09	0.9081676	0.41598928	0.019099306	0.3262708	0.15214257	1.1882076e-05
9.88375778726278e-09	0.9108784	0.41089812	0.011936513	0.3262708	0.15214257	-3.718509e-05
9.898391412622817e-09	0.91054493	0.41197208	0.0033162707	0.3262708	0.15214257	-1.231217e-05
9.913027113612173e-09	0.907416	0.4184256	-0.0010317126	0.3262708	0.15214257	3.6549845e-05
9.927663361058396e-09	0.9038586	0.42569423	0.0016124119	0.3262708	0.15214257	1.2706917e-05
9.942298308815111e-09	0.9021492	0.42906776	0.009214516	0.3262708	0.15214257	-3.5923953e-05
9.956931570504313e-09	0.90320516	0.42659268	0.016874343	0.3262708	0.15214257	-1.310374e-05
9.972051622878864e-09	0.90665835	0.41946152	0.019785091	0.3262708	0.15214257	3.5934772e-05
9.986685017816503e-09	0.91015506	0.41252652	0.01562707	0.3262708	0.15214257	1.1655097e-05
1.0001319400473126e-08	0.91123027	0.41037577	0.006913019	0.3262708	0.15214257	-3.5337856e-05
1.0015955915902975e-08	0.9090209	0.4148688	-0.0006212205	0.3262708	0.15214257	-1.2048704e-05
1.0030592637655473e-08	0.9049727	0.4233285	-0.00156093	0.3262708	0.15214257	3.4753495e-05
1.0045227822074563e-08	0.9017475	0.4300633	0.005287798	0.3262708	0.15214257	1.2426882e-05
1.0059861242591698e-08	0.90173864	0.42995444	0.015682433	0.3262708	0.15214257	-3.416875e-05
1.007498083273273e-08	0.9055302	0.4220559	0.02235034	0.3262708	0.15214257	-1.1034318e-05
1.0089613485689935e-08	0.9102924	0.41220045	0.019472359	0.3262708	0.15214257	3.4209053e-05
1.0104247356370604e-08	0.912477	0.407566	0.008776147	0.3262708	0.15214257	1.1438554e-05
1.0118882721802678e-08	0.91035825	0.41195083	-0.0022457168	0.3262708	0.15214257	-3.3655102e-05
1.013351770981892e-08	0.9052853	0.42273235	-0.005286695	0.3262708	0.15214257	-1.1817446e-05
1.0148151654777854e-08	0.90076715	0.43234324	0.002634242	0.3262708	0.15214257	3.3105247e-05
1.0162783571962698e-08	0.90031934	0.4332155	0.016424147	0.3262708	0.15214257	1.2201145e-05
1.0177903297947868e-08	0.90496564	0.42334768	0.025935642	0.3262708	0.15214257	-3.3148277e-05
1.0192536714213637e-08	0.9111161	0.4103278	0.022645162	0.3262708	0.15214257	-1.0875191e-05
1.0207171198833242e-08	0.9139997	0.4041891	0.008719341	0.3262708	0.15214257	3.2625085e-05
1.0221806853756422e-08	0.9112107	0.41012958	-0.005457213	0.3262708	0.15214257	1.1249584e-05
1.0236442132960699e-08	0.9047408	0.42402056	-0.0087851025	0.3262708	0.15214257	-3.210909e-05
1.0251076205785165e-08	0.8993962	0.43549037	0.0018584399	0.3262708	0.15214257	-1.1616175e-05
1.0265708732538672e-08	0.89931166	0.43555158	0.018960081	0.3262708	0.15214257	3.159137e-05
1.028082850390559e-08	0.90517044	0.42289382	0.029621715	0.3262708	0.15214257	1.0338821e-05
1.0295461150890165e-08	0.9123975	0.40746182	0.024302725	0.3262708	0.15214257	-3.166051e-05
1.0310095609137816e-08	0.91534495	0.40124628	0.0068510333	0.3262708	0.15214257	-1.0718219e-05
1.0324730489798294e-08	0.9114146	0.4097435	-0.009343314	0.3262708	0.15214257	3.1171447e-05
1.0339364614879308e-08	0.9035841	0.4266604	-0.011288997	0.3262708	0.15214257	1.1081004e-05
1.0353998046567933e-08	0.89793515	0.4388275	0.0029843198	0.3262708	0.15214257	-3.068311e-05
1.0369117515761297e-08	0.8990025	0.43628588	0.023292912	0.3262708	0.15214257	-9.844182e-06
1.0383749807258383e-08	0.9061357	0.4207339	0.0326729	0.3262708	0.15214257	3.075237e-05
1.0398382535909486e-08	0.9139308	0.40408632	0.024007741	0.3262708	0.15214257	1.0224739e-05
1.041301704186904e-08	0.9161572	0.39951274	0.0034822002	0.3262708	0.15214257	-3.0287481e-05
1.0427652098943296e-08	0.9108401	0.41107583	-0.012945759	0.3262708	0.15214257	-1.0580625e-05
1.0442286270027295e-08	0.9021307	0.42997336	-0.012092065	0.3262708	0.15214257	2.9826933e-05
1.0456919019933937e-08	0.8968064	0.4414158	0.005716476	0.3262708	0.15214257	1.0935436e-05
1.0472038856321008e-08	0.8992177	0.4357957	0.027324485	0.3262708	0.15214257	-2.9897423e-05
1.048667089911708e-08	0.9075913	0.41748816	0.034453757	0.3262708	0.15214257	-9.755473e-06
1.0501304677525834e-08	0.9154111	0.4008646	0.021894835	0.3262708	0.15214257	2.9455601e-05
1.051593977954218e-08	0.91631556	0.39922693	-0.0007368229	0.3262708	0.15214257	1.0108508e-05
1.0530574043097185e-08	0.9095686	0.41394812	-0.015585539	0.3262708	0.15214257	-2.9019056e-05
1.0545207834517692e-08	0.90061045	0.43344277	-0.010923914	0.3262708	0.15214257	-1.045499e-05
1.0559840376401188e-08	0.8962923	0.4426153	0.009638694	0.3262708	0.15214257	2.8580771e-05
1.0574960082983675e-08	0.9001374	0.43372536	0.030671045	0.3262708	0.15214257	9.310225e-06
1.0589592213110869e-08	0.9092231	0.41389012	0.034419175	0.3262708	0.15214257	-2.8670112e-05
1.0604225842861777e-08	0.9164294	0.39868554	0.01841115	0.3262708	0.15214257	-9.667771e-06
1.0618860443645364e-08	0.91579837	0.40042064	-0.004804133	0.3262708	0.15214257	2.825445e-05
1.063349473330882e-08	0.90794414	0.4176053	-0.016730348	0.3262708	0.15214257	1.0006942e-05
1.0648128283831307e-08	0.899302	0.4364226	-0.008106672	0.3262708	0.15214257	-2.7839491e-05
1.0663248631261861e-08	0.8964656	0.44221666	0.014797606	0.3262708	0.15214257	-8.891363e-06
1.067788085568668e-08	0.90164244	0.43036976	0.032763567	0.3262708	0.15214257	2.792832e-05
1.069251353124643e-08	0.9107959	0.41047397	0.032474384	0.3262708	0.15214257	9.246237e-06
1.0707148679352443e-08	0.91673803	0.39808697	0.014092409	0.3262708	0.15214257	-2.7532815e-05
1.072178401321775e-08	0.91462165	0.40307212	-0.007866609	0.3262708	0.15214257	-9.576116e-06
1.0736418676289677e-08	0.9063147	0.42128783	-0.016004568	0.3262708	0.15214257	2.7140235e-05
1.075105264314592e-08	0.8985421	0.43815693	-0.0041915267	0.3262708	0.15214257	9.903249e-06
1.0766173878762086e-08	0.89725465	0.44042325	0.01862593	0.3262708	0.15214257	-2.7229638e-05
1.0780807330296983e-08	0.90338004	0.42651883	0.033217542	0.3262708	0.15214257	-8.829373e-06
1.0795441526799467e-08	0.9120253	0.40784132	0.029071743	0.3262708	0.15214257	2.6853266e-05
1.0810076599927167e-08	0.9163429	0.39903662	0.009717937	0.3262708	0.15214257	9.158464e-06
1.0824711893497841e-08	0.91298676	0.40674457	-0.009436731	0.3262708	0.15214257	-2.6479876e-05
1.0839346452201256e-08	0.90491265	0.42446694	-0.013493412	0.3262708	0.15214257	-9.478063e-06
1.0853979839008633e-08	0.89850616	0.43825486	0.00019706448	0.3262708	0.15214257	2.6104524e-05
1.0869101338309157e-08	0.89860153	0.43740106	0.021149695	0.3262708	0.15214257	8.433366e-06
1.0883735055919401e-08	0.9050025	0.42296022	0.031829	0.3262708	0.15214257	-2.6208705e-05
1.0898369896645589e-08	0.91259927	0.40665913	0.024891293	0.3262708	0.15214257	-8.7601375e-06
1.0913005027793255e-08	0.9153539	0.40128547	0.006213294	0.3262708	0.15214257	2.5852516e-05
1.0927639864301162e-08	0.91127574	0.4105892	-0.00927606	0.3262708	0.15214257	9.075445e-06
1.0942274738788925e-08	0.90395576	0.42662928	-0.0097770905	0.3262708	0.15214257	-2.5496232e-05
1.0956908301779504e-08	0.89912397	0.43686566	0.0042979247	0.3262708	0.15214257	-9.387506e-06
1.0972029724299302e-08	0.90029144	0.43365207	0.022012834	0.3262708	0.15214257	2.5596832e-05
1.098666373511218e-08	0.9062779	0.4202074	0.028832	0.3262708	0.15214257	8.380125e-06
1.1001298414072365e-08	0.91239667	0.40719193	0.020628586	0.3262708	0.15214257	-2.525597e-05
1.1015933054433362e-08	0.913914	0.40453365	0.004260674	0.3262708	0.15214257	-8.693242e-06
1.1030567442269499e-08	0.90983903	0.41382656	-0.0073608593	0.3262708	0.15214257	2.491521e-05
1.1045200670848943e-08	0.9036776	0.42725182	-0.005621996	0.3262708	0.15214257	9.003715e-06
1.1059833367896066e-08	0.90024567	0.434344	0.0072561046	0.3262708	0.15214257	-2.457128e-05
1.1074954260064078e-08	0.9019332	0.43003646	0.021145577	0.3262708	0.15214257	-8.027311e-06
1.1089588044585251e-08	0.9069999	0.4186882	0.024925813	0.3262708	0.15214257	2.4684481e-05
1.1104222684553697e-08	0.91155446	0.40913376	0.017033257	0.3262708	0.15214257	8.338722e-06
1.111885720353143e-08	0.91228414	0.4082092	0.00406917	0.3262708	0.15214257	-2.4358897e-05
1.1133491379293165e-08	0.90885806	0.416036	-0.004060657	0.3262708	0.15214257	-8.642492e-06
1.1148124522312577e-08	0.90414065	0.4262086	-0.0017063752	0.3262708	0.15214257	2.4031198e-05
1.1163245257432853e-08	0.90171635	0.43105757	0.008905179	0.3262708	0.15214257	7.689958e-06
1.1177878854945846e-08	0.9031843	0.42730883	0.01867752	0.3262708	0.15214257	-2.4140521e-05
1.1192513229331312e-08	0.90698403	0.41879043	0.020939713	0.3262708	0.15214257	-7.9984875e-06
1.1207147889574258e-08	0.9103016	0.41197976	0.014860116	0.3262708	0.15214257	2.3829001e-05
1.1221782178969237e-08	0.9108504	0.4114468	0.0055455477	0.3262708	0.15214257	8.297833e-06
1.1236415566297656e-08	0.908464	0.41690978	-0.00016666239	0.3262708	0.15214257	-2.3515637e-05
1.1251047910503435e-08	0.905165	0.4239132	0.0012750357	0.3262708	0.15214257	-8.598639e-06
1.1266168191497571e-08	0.903291	0.42759985	0.008271069	0.3262708	0.15214257	2.3619992e-05
1.1280801553973981e-08	0.9038814	0.425823	0.015104878	0.3262708	0.15214257	7.6793995e-06
1.1295436064141354e-08	0.90624386	0.420487	0.017555943	0.3262708	0.15214257	-2.3320794e-05
1.1310070279007145e-08	0.9088449	0.4152788	0.014510008	0.3262708	0.15214257	-7.975507e-06
1.1324704605624232e-08	0.9099046	0.41358516	0.008425141	0.3262708	0.15214257	2.302127e-05
1.1339338123624164e-08	0.90877676	0.41619018	0.0035048134	0.3262708	0.15214257	8.267417e-06
1.135397082490248e-08	0.90651643	0.42090932	0.0026824933	0.3262708	0.15214257	-2.2718865e-05
1.1369092046248027e-08	0.90455425	0.4248542	0.0060942164	0.3262708	0.15214257	-7.369269e-06
1.1383726042761533e-08	0.9039261	0.42577824	0.011281683	0.3262708	0.15214257	2.2836342e-05
1.1398360918821796e-08	0.90503	0.42323214	0.015399039	0.3262708	0.15214257	7.661333e-06
1.1412995878635718e-08	0.9074661	0.41840228	0.015889961	0.3262708	0.15214257	-2.2550263e-05
1.1427630651841996e-08	0.90955395	0.41437188	0.012108739	0.3262708	0.15214257	-7.945223e-06
1.1442264536888683e-08	0.90974265	0.41401887	0.0063067125	0.3262708	0.15214257	2.2262268e-05
1.1456897715702945e-08	0.90797925	0.41769674	0.0022411468	0.3262708	0.15214257	8.22942e-06
1.1472019311452643e-08	0.90522784	0.42342126	0.0027748663	0.3262708	0.15214257	-2.2375127e-05
1.1486653549469208e-08	0.9032687	0.4272739	0.008034819	0.3262708	0.15214257	-7.356045e-06
1.150128836858336e-08	0.90363675	0.42637944	0.014959765	0.3262708	0.15214257	2.2100168e-05
1.151592302985926e-08	0.9065006	0.42059508	0.01863435	0.3262708	0.15214257	7.637223e-06
1.1530557160480424e-08	0.9098328	0.41373265	0.015747136	0.3262708	0.15214257	-2.1823877e-05
1.154519000961217e-08	0.911104	0.41098773	0.0077256914	0.3262708	0.15214257	-7.9183865e-06
1.1560310473121218e-08	0.90916884	0.41511437	-1.3977412e-05	0.3262708	0.15214257	2.1931533e-05
1.157494328141546e-08	0.90523607	0.4234579	-0.0010222057	0.3262708	0.15214257	7.0704373e-06
1.1589577155005472e-08	0.90203595	0.43003345	0.0059496243	0.3262708	0.15214257	-2.166582e-05
1.1604211376537156e-08	0.9022977	0.42940235	0.016345391	0.3262708	0.15214257	-7.351442e-06
1.1618845572730625e-08	0.9061658	0.42136282	0.022244498	0.3262708	0.15214257	2.1400088e-05
1.1633479031524728e-08	0.91074824	0.41167718	0.018550402	0.3262708	0.15214257	7.627759e-06
1.1648111728563286e-08	0.9125608	0.4077815	0.007389071	0.3262708	0.15214257	-2.1131249e-05
1.1663232274233543e-08	0.90993077	0.41350186	-0.0033298351	0.3262708	0.15214257	-6.7983683e-06
1.1677865315992358e-08	0.90460986	0.42489123	-0.0044319252	0.3262708	0.15214257	2.1248632e-05
1.1692499635225081e-08	0.9005467	0.43336272	0.005406208	0.3262708	0.15214257	7.077636e-06
1.1707134462608986e-08	0.90125304	0.43175226	0.019188056	0.3262708	0.15214257	-2.0993733e-05
1.1721769358267388e-08	0.90647185	0.4206748	0.026037479	0.3262708	0.15214257	-7.3461006e-06
1.1736403329942713e-08	0.9121563	0.40854463	0.020034969	0.3262708	0.15214257	2.0737289e-05
1.1751036547140221e-08	0.9138826	0.40491083	0.0053039496	0.3262708	0.15214257	7.6147808e-06
1.1766157410282242e-08	0.90999264	0.41343802	-0.0072004935	0.3262708	0.15214257	-2.085079e-05
1.178079103690015e-08	0.90341306	0.4275782	-0.006713771	0.3262708	0.15214257	-6.8079116e-06
1.1795424812871194e-08	0.89912355	0.4365491	0.006621903	0.3262708	0.15214257	2.0604444e-05
1.1810059726294279e-08	0.9007741	0.43282634	0.022903007	0.3262708	0.15214257	7.075615e-06
1.1824694445806128e-08	0.90735507	0.41869363	0.02917515	0.3262708	0.15214257	-2.0358268e-05
1.1839327700941118e-08	0.9137327	0.4050673	0.019919967	0.3262708	0.15214257	-7.33962e-06
1.185396085312561e-08	0.9148224	0.40290347	0.0019460687	0.3262708	0.15214257	2.0108173e-05
1.1869081320580369e-08	0.90939754	0.41481876	-0.01091554	0.3262708	0.15214257	6.551255e-06
1.1883714546108775e-08	0.90185285	0.43106154	-0.0075066676	0.3262708	0.15214257	-2.0229665e-05
1.189834888426071e-08	0.8979698	0.43912038	0.009413428	0.3262708	0.15214257	-6.8183244e-06
1.1912984531730454e-08	0.90097827	0.4323628	0.026885992	0.3262708	0.15214257	1.9992909e-05
1.1927619732413369e-08	0.90873	0.4156408	0.031028321	0.3262708	0.15214257	7.073287e-06
1.1942253883579818e-08	0.91516995	0.4019365	0.018116103	0.3262708	0.15214257	-1.9754227e-05
1.195688744389434e-08	0.91514266	0.4022743	-0.002047034	0.3262708	0.15214257	-7.3299e-06
1.1972008488861158e-08	0.9082782	0.41735277	-0.013691563	0.3262708	0.15214257	1.9871854e-05
1.1986642238875054e-08	0.90027064	0.43458667	-0.0066777123	0.3262708	0.15214257	6.5620534e-06
1.2001276873831104e-08	0.8972689	0.44065356	0.013205604	0.3262708	0.15214257	-1.9642783e-05
1.2015912762929167e-08	0.9017824	0.43054867	0.030446507	0.3262708	0.15214257	-6.8150043e-06
1.2030547909106451e-08	0.9103782	0.41201076	0.031324893	0.3262708	0.15214257	1.941404e-05
1.2045182171184884e-08	0.91625655	0.39960733	0.014907809	0.3262708	0.15214257	7.0654655e-06
1.2060303310779127e-08	0.9145873	0.40358502	-0.0065982826	0.3262708	0.15214257	-1.9527679e-05
1.2074936487436177e-08	0.9067926	0.42069617	-0.015004994	0.3262708	0.15214257	-6.3135494e-06
1.2089570293345568e-08	0.8989648	0.43748996	-0.0043114778	0.3262708	0.15214257	1.9306117e-05
1.2104205653305672e-08	0.8971913	0.4407804	0.01729592	0.3262708	0.15214257	6.566639e-06
1.211884148834322e-08	0.9030305	0.4277557	0.032895766	0.3262708	0.15214257	-1.9085765e-05
1.21334763975155e-08	0.9119612	0.40855256	0.03006041	0.3262708	0.15214257	-6.8118234e-06
1.2148110654956217e-08	0.91682714	0.39842424	0.010941111	0.3262708	0.15214257	1.886241e-05
1.2163231171230695e-08	0.91360873	0.4058235	-0.009828825	0.3262708	0.15214257	6.073301e-06
1.2177864017523619e-08	0.9051811	0.42430907	-0.014728505	0.3262708	0.15214257	-1.8981604e-05
1.2192497420767746e-08	0.89809084	0.43940625	-0.0008093846	0.3262708	0.15214257	-6.3296206e-06
1.2207132755141417e-08	0.8977619	0.4394617	0.021052761	0.3262708	0.15214257	1.8767467e-05
1.2221768741421242e-08	0.90456086	0.42437208	0.033805862	0.3262708	0.15214257	6.5711365e-06
1.2236403834499089e-08	0.91318864	0.4059074	0.027420416	0.3262708	0.15214257	-1.8553284e-05
1.2251037447717401e-08	0.91675586	0.39866167	0.0069593396	0.3262708	0.15214257	-6.8133672e-06
1.2266157683091917e-08	0.9123002	0.4087907	-0.0117612155	0.3262708	0.15214257	1.8668325e-05
1.228079003147796e-08	0.9037644	0.42747146	-0.013025216	0.3262708	0.15214257	6.099439e-06
1.2295423530134234e-08	0.8977373	0.44012782	0.0031210012	0.3262708	0.15214257	-1.8459883e-05
1.2310059380811487e-08	0.8988045	0.43709704	0.023913974	0.3262708	0.15214257	-6.3423713e-06
1.2324694762243731e-08	0.90612996	0.4209371	0.033180166	0.3262708	0.15214257	1.8253204e-05
1.233932977958297e-08	0.91392636	0.40435958	0.023884447	0.3262708	0.15214257	6.5788768e-06
1.2353963359120808e-08	0.91608095	0.4002379	0.0035507558	0.3262708	0.15214257	-1.804305e-05
1.2369084072874859e-08	0.91086066	0.41204885	-0.012111761	0.3262708	0.15214257	-5.87457e-06
1.23837165462619e-08	0.90278727	0.4296357	-0.0102013685	0.3262708	0.15214257	1.8164186e-05
1.2398351420888765e-08	0.89798015	0.43950984	0.00675734	0.3262708	0.15214257	6.1189135e-06
1.2412987948892116e-08	0.90009236	0.43420872	0.025387326	0.3262708	0.15214257	-1.7964752e-05
1.2427624101855493e-08	0.9074157	0.41814676	0.03127164	0.3262708	0.15214257	-6.348731e-06
1.2442260062711396e-08	0.9141106	0.40403336	0.02019682	0.3262708	0.15214257	1.7764149e-05
1.2456893963089116e-08	0.9150278	0.40265352	0.0012143995	0.3262708	0.15214257	6.579771e-06
1.247201494880057e-08	0.9095189	0.41507638	-0.011040904	0.3262708	0.15214257	-1.7881599e-05
1.248664849279801e-08	0.9023163	0.43064272	-0.0068024467	0.3262708	0.15214257	-5.893568e-06
1.2501283980918687e-08	0.8987471	0.4377379	0.009583041	0.3262708	0.15214257	1.7687606e-05
1.2515920189568614e-08	0.90143305	0.43124333	0.025322862	0.3262708	0.15214257	6.1231044e-06
1.2530556670258128e-08	0.9082027	0.41647154	0.028471285	0.3262708	0.15214257	-1.7494202e-05
1.2545192479796293e-08	0.9137297	0.40495607	0.017052248	0.3262708	0.15214257	-6.3475163e-06
1.2559825492591483e-08	0.91385156	0.40534163	0.0003158633	0.3262708	0.15214257	1.7296537e-05
1.2574945756647207e-08	0.90854806	0.4172539	-0.008926114	0.3262708	0.15214257	5.675436e-06
1.2589579041939545e-08	0.90235823	0.43048057	-0.0035748463	0.3262708	0.15214257	-1.7418726e-05
1.2604214514743185e-08	0.89979404	0.43536258	0.011194279	0.3262708	0.15214257	-5.9082777e-06
1.261885083237666e-08	0.90258425	0.4287259	0.023966769	0.3262708	0.15214257	1.7231248e-05
1.2633487508139276e-08	0.90844524	0.41600633	0.025384462	0.3262708	0.15214257	6.1293413e-06
1.2648122553997357e-08	0.91291827	0.40683797	0.014927494	0.3262708	0.15214257	-1.704202e-05
1.2663243417400923e-08	0.9126659	0.40806043	0.00048039007	0.3262708	0.15214257	-5.4637744e-06
1.2677875968995558e-08	0.9081057	0.4182285	-0.0062471326	0.3262708	0.15214257	1.7159407e-05
1.2692509898993962e-08	0.9028838	0.42924237	-0.001151138	0.3262708	0.15214257	5.6985796e-06
1.2707146177104714e-08	0.9008562	0.43297967	0.011374254	0.3262708	0.15214257	-1.6977254e-05
1.2721783173062992e-08	0.903293	0.4271956	0.021790287	0.3262708	0.15214257	-5.9171352e-06
1.2736420030342225e-08	0.9081928	0.41663453	0.022731626	0.3262708	0.15214257	1.6795608e-05
1.2751054440540205e-08	0.91195184	0.40906927	0.014086358	0.3262708	0.15214257	6.135554e-06
1.2766175088693264e-08	0.91187245	0.40987492	0.0022038503	0.3262708	0.15214257	-1.690929e-05
1.2780807638997096e-08	0.90817875	0.41803166	-0.003606752	0.3262708	0.15214257	-5.4914144e-06
1.27954412056311e-08	0.90374535	0.42727926	0.00010157156	0.3262708	0.15214257	1.6730839e-05
1.2810077330545512e-08	0.9017338	0.4310359	0.01022033	0.3262708	0.15214257	5.7144125e-06
1.2824714243624063e-08	0.90342873	0.42693195	0.019322373	0.3262708	0.15214257	-1.6554606e-05
1.2839350626375919e-08	0.9075313	0.41816744	0.021100387	0.3262708	0.15214257	-5.927319e-06
1.285398464913226e-08	0.9111013	0.4110422	0.0146304	0.3262708	0.15214257	1.6374992e-05
1.2869105151760549e-08	0.91156024	0.41059324	0.004437027	0.3262708	0.15214257	5.291213e-06
1.2883737948541038e-08	0.9086731	0.41688854	-0.0016732333	0.3262708	0.15214257	-1.6492806e-05
1.2898372133260658e-08	0.9046585	0.42522746	4.7264915e-05	0.3262708	0.15214257	-5.5169544e-06
1.2913007668611097e-08	0.90224636	0.4299174	0.008208188	0.3262708	0.15214257	1.6320333e-05
1.2927644423228376e-08	0.90306	0.42778596	0.017164234	0.3262708	0.15214257	5.7297443e-06
1.2942279189483337e-08	0.90665513	0.42018136	0.020736318	0.3262708	0.15214257	-1.6147094e-05
1.2956912209947201e-08	0.910532	0.4123776	0.016333537	0.3262708	0.15214257	-5.94672e-06
1.2972031445887646e-08	0.9118004	0.41005945	0.0066362894	0.3262708	0.15214257	1.6259943e-05
1.2986663591152361e-08	0.9094822	0.41505963	-0.0009317726	0.3262708	0.15214257	5.3314034e-06
1.3001297966301564e-08	0.905354	0.42367992	-0.001290357	0.3262708	0.15214257	-1.609114e-05
1.301593393674362e-08	0.9022237	0.42998254	0.005943538	0.3262708	0.15214257	-5.5455916e-06
1.3030570785463073e-08	0.9023302	0.42944196	0.015944436	0.3262708	0.15214257	1.5924057e-05
1.3045206037532627e-08	0.9058603	0.42201945	0.021665411	0.3262708	0.15214257	5.7532934e-06
1.3059839499216378e-08	0.91038114	0.412762	0.018639542	0.3262708	0.15214257	-1.5752683e-05
1.307495925159299e-08	0.91248363	0.40853047	0.008238445	0.3262708	0.15214257	-5.144365e-06
1.3089592187551472e-08	0.9104017	0.4130094	-0.0015092549	0.3262708	0.15214257	1.587082e-05
1.3104226715990538e-08	0.9056754	0.422976	-0.0035712915	0.3262708	0.15214257	5.361537e-06
1.3118863165834336e-08	0.90164644	0.4312676	0.0039825467	0.3262708	0.15214257	-1.5707903e-05
1.3133499846662871e-08	0.9013932	0.4315578	0.016037026	0.3262708	0.15214257	-5.565728e-06
1.3148134342640971e-08	0.90538424	0.42314455	0.023733094	0.3262708	0.15214257	1.5543257e-05
1.3162767809855533e-08	0.9107584	0.41195422	0.020929301	0.3262708	0.15214257	5.7751363e-06
1.3177887314991331e-08	0.9134441	0.40639433	0.008712844	0.3262708	0.15214257	-1.5657211e-05
1.3192519972816597e-08	0.91114265	0.41137776	-0.0033101023	0.3262708	0.15214257	-5.182188e-06
1.3207154483631846e-08	0.9055164	0.42333984	-0.006182087	0.3262708	0.15214257	1.5497255e-05
1.3221791264884714e-08	0.9006723	0.43343017	0.0028538262	0.3262708	0.15214257	5.3876665e-06
1.3236427332955705e-08	0.90046835	0.43364468	0.017461972	0.3262708	0.15214257	-1.5338568e-05
1.3251062079811121e-08	0.9053408	0.42328954	0.026519243	0.3262708	0.15214257	-5.590629e-06
1.3266182091799869e-08	0.91181767	0.40964118	0.022316145	0.3262708	0.15214257	1.544932e-05
1.3280813666862574e-08	0.9145128	0.4040401	0.007804742	0.3262708	0.15214257	5.0073936e-06
1.3295446008868965e-08	0.91147673	0.4106616	-0.0060632024	0.3262708	0.15214257	-1.5292579e-05
1.3310080135137204e-08	0.9048187	0.42489123	-0.008477771	0.3262708	0.15214257	-5.21896e-06
1.3324715953696786e-08	0.89951617	0.43600112	0.0029844109	0.3262708	0.15214257	1.5137029e-05
1.3339351380845055e-08	0.89982384	0.43510747	0.019994281	0.3262708	0.15214257	5.4194707e-06
1.3353985280221607e-08	0.90577936	0.4223434	0.029383104	0.3262708	0.15214257	-1.4979213e-05
1.336910517734328e-08	0.91304415	0.40693983	0.022956774	0.3262708	0.15214257	-4.841197e-06
1.3383736710143557e-08	0.9154723	0.4019482	0.0056095673	0.3262708	0.15214257	1.5093058e-05
1.3398369186090522e-08	0.9113122	0.4110515	-0.009284661	0.3262708	0.15214257	5.0548365e-06
1.3413004042360892e-08	0.90365237	0.4274716	-0.009959505	0.3262708	0.15214257	-1.4940722e-05
1.3427640197836629e-08	0.8983619	0.4385652	0.004534664	0.3262708	0.15214257	-5.2539935e-06
1.3442275411930382e-08	0.8996513	0.4355144	0.023290044	0.3262708	0.15214257	1.4788647e-05
1.3456909521915477e-08	0.90672904	0.42025983	0.03169506	0.3262708	0.15214257	5.4526686e-06
1.3472029195211358e-08	0.9143671	0.40404543	0.022246609	0.3262708	0.15214257	-1.4899813e-05
1.3486660586804406e-08	0.9160662	0.40068	0.0024566427	0.3262708	0.15214257	-4.891659e-06
1.3501293167574808e-08	0.91064185	0.4125565	-0.012308178	0.3262708	0.15214257	1.4750265e-05
1.351592780640276e-08	0.90224427	0.43058395	-0.010272688	0.3262708	0.15214257	5.0950916e-06
1.3530563592483395e-08	0.8974099	0.44066817	0.007281807	0.3262708	0.15214257	-1.4602074e-05
1.354519897464387e-08	0.89998263	0.43478167	0.026824988	0.3262708	0.15214257	-5.2892187e-06
1.3559832644109605e-08	0.9080877	0.4172752	0.033034414	0.3262708	0.15214257	1.4451214e-05
1.3574952922073037e-08	0.9155994	0.401377	0.020144513	0.3262708	0.15214257	4.731581e-06
1.3589584858618812e-08	0.91612905	0.40059495	-0.0012359209	0.3262708	0.15214257	-1.456616e-05
1.3604218717434262e-08	0.9094953	0.4151105	-0.0145348245	0.3262708	0.15214257	-4.9355062e-06
1.3618854676167353e-08	0.90083826	0.43369183	-0.009184472	0.3262708	0.15214257	1.4421971e-05
1.3633491118082507e-08	0.8968865	0.4418091	0.010829034	0.3262708	0.15214257	5.126166e-06
1.3648127549600848e-08	0.9007972	0.43296644	0.029944276	0.3262708	0.15214257	-1.4277552e-05
1.3663249688787371e-08	0.909924	0.4132721	0.03286595	0.3262708	0.15214257	-4.5690617e-06
1.367788241394848e-08	0.9165438	0.39935878	0.016967567	0.3262708	0.15214257	1.4389701e-05
1.3692515148578691e-08	0.91565835	0.40168592	-0.0049156784	0.3262708	0.15214257	4.771846e-06
1.3707149526476757e-08	0.9080181	0.41839036	-0.0156183215	0.3262708	0.15214257	-1.42484305e-05
1.3721785447518925e-08	0.8996108	0.43639365	-0.0067784726	0.3262708	0.15214257	-4.964234e-06
1.3736422093080327e-08	0.896906	0.44173542	0.014709689	0.3262708	0.15214257	1.4108034e-05
1.3751058241344484e-08	0.90203816	0.43021736	0.032117434	0.3262708	0.15214257	5.149953e-06
1.3766180008664426e-08	0.91138005	0.41011268	0.031443395	0.3262708	0.15214257	-1.42175995e-05
1.3780811805810478e-08	0.91700083	0.39842424	0.013199439	0.3262708	0.15214257	-4.6122373e-06
1.3795443887144389e-08	0.9147312	0.40377948	-0.007943221	0.3262708	0.15214257	1.4078936e-05
1.38100772752105e-08	0.9064717	0.42181513	-0.015385472	0.3262708	0.15214257	4.810378e-06
1.3824712113355366e-08	0.8987296	0.4383057	-0.0034600042	0.3262708	0.15214257	-1.39403255e-05
1.3839347870355484e-08	0.8974307	0.44052893	0.018355474	0.3262708	0.15214257	-4.9979253e-06
1.3853983318604795e-08	0.90354156	0.4269095	0.033058863	0.3262708	0.15214257	1.3801343e-05
1.3869104887289174e-08	0.91257447	0.40755406	0.028836632	0.3262708	0.15214257	4.462194e-06
1.3883736761623001e-08	0.9168962	0.39873543	0.009358692	0.3262708	0.15214257	-1.3912849e-05
1.3898368890770903e-08	0.9134624	0.4066261	-0.00985693	0.3262708	0.15214257	-4.660902e-06
1.3913002166131557e-08	0.90509695	0.42485026	-0.013851511	0.3262708	0.15214257	1.3776775e-05
1.3927637396839921e-08	0.898343	0.4391032	0.00024149822	0.3262708	0.15214257	4.850052e-06
1.3942273799955635e-08	0.89835477	0.4384369	0.02120617	0.3262708	0.15214257	-1.364186e-05
1.3956908995295863e-08	0.9050498	0.42361093	0.032710213	0.3262708	0.15214257	-5.0318736e-06
1.3972030303451635e-08	0.9133653	0.40589562	0.025510311	0.3262708	0.15214257	1.375108e-05
1.3986662287551438e-08	0.91630954	0.40010926	0.0059676096	0.3262708	0.15214257	4.5127176e-06
1.4001294847959734e-08	0.91203266	0.40982282	-0.010491054	0.3262708	0.15214257	-1.3618483e-05
1.4015928956723624e-08	0.9040363	0.4271709	-0.011276436	0.3262708	0.15214257	-4.703074e-06
1.4030565080465389e-08	0.8984947	0.43870124	0.0038287737	0.3262708	0.15214257	1.3486623e-05
1.4045201878084481e-08	0.89956445	0.43573642	0.022871826	0.3262708	0.15214257	4.8816396e-06
1.4059837506360206e-08	0.9063287	0.42083982	0.031155583	0.3262708	0.15214257	-1.3354031e-05
1.4074959114811594e-08	0.91364145	0.40537605	0.022037184	0.3262708	0.15214257	-4.3633754e-06
1.4089591366610662e-08	0.91539544	0.40220195	0.0035275903	0.3262708	0.15214257	1.3465743e-05
1.4104223956661371e-08	0.91069674	0.41279674	-0.0099081425	0.3262708	0.15214257	4.554926e-06
1.4118858182396697e-08	0.9033847	0.42855796	-0.008190818	0.3262708	0.15214257	-1.3335946e-05
1.4133494204978198e-08	0.8990687	0.43736246	0.006818172	0.3262708	0.15214257	-4.736005e-06
1.4148130813208513e-08	0.90086985	0.4328534	0.023287036	0.3262708	0.15214257	1.3207095e-05
1.41627661659813e-08	0.90725267	0.41887206	0.028735459	0.3262708	0.15214257	4.9120126e-06
1.417788755812892e-08	0.91340816	0.40598527	0.018908963	0.3262708	0.15214257	-1.3316318e-05
1.4192520374044885e-08	0.9143036	0.40468356	0.002329098	0.3262708	0.15214257	-4.4084904e-06
1.4207153710712095e-08	0.90966254	0.4150825	-0.008294388	0.3262708	0.15214257	1.31898905e-05
1.4221788606751889e-08	0.90322334	0.42884246	-0.0051622493	0.3262708	0.15214257	4.591106e-06
1.4236426128830091e-08	0.89990336	0.43545794	0.0087703625	0.3262708	0.15214257	-1.3064505e-05
1.425106332610942e-08	0.90201265	0.4303478	0.022581775	0.3262708	0.15214257	-4.7620547e-06
1.4266187663696074e-08	0.90794694	0.41743505	0.025896186	0.3262708	0.15214257	1.3171965e-05
1.4280821963179129e-08	0.91282725	0.4073647	0.016548328	0.3262708	0.15214257	4.258432e-06
1.4295455229021825e-08	0.91322637	0.40712285	0.0023134504	0.3262708	0.15214257	-1.304986e-05
1.4310088852318953e-08	0.90901136	0.41649482	-0.006062557	0.3262708	0.15214257	-4.4416684e-06
1.4324724071969874e-08	0.9035118	0.4281308	-0.0026377907	0.3262708	0.15214257	1.2926335e-05
1.4339360962215496e-08	0.90084577	0.43334222	0.0095061995	0.3262708	0.15214257	4.6151026e-06
1.4353997531405735e-08	0.90280664	0.42862692	0.021026477	0.3262708	0.15214257	-1.2803173e-05
1.4369120696632207e-08	0.9079361	0.4175403	0.023438921	0.3262708	0.15214257	-4.1159733e-06
1.4383753709527667e-08	0.9120887	0.40908983	0.015296053	0.3262708	0.15214257	1.2911414e-05
1.4398386502362936e-08	0.91238844	0.40901148	0.0032537833	0.3262708	0.15214257	4.299404e-06
1.4413019428144072e-08	0.9087774	0.41696012	-0.0037810246	0.3262708	0.15214257	-1.278991e-05
1.4427654701153425e-08	0.90408385	0.4268025	-0.0009873041	0.3262708	0.15214257	-4.4769913e-06
1.4442291705897677e-08	0.9017041	0.4314386	0.009142661	0.3262708	0.15214257	1.2669517e-05
1.4456928056465433e-08	0.9031874	0.42783013	0.01906756	0.3262708	0.15214257	4.6450905e-06
1.4472050871343276e-08	0.9075475	0.41848412	0.021682123	0.3262708	0.15214257	-1.2775317e-05
1.4486683668755596e-08	0.9113589	0.41078705	0.015213036	0.3262708	0.15214257	-4.1611993e-06
1.4501316005415679e-08	0.9119344	0.41002378	0.0047954484	0.3262708	0.15214257	1.2656954e-05
1.4515949549561032e-08	0.9089526	0.4165117	-0.0019780316	0.3262708	0.15214257	4.340685e-06
1.4530585254996395e-08	0.9047354	0.42531782	-0.00043877793	0.3262708	0.15214257	-1.2538422e-05
1.4545222351628743e-08	0.90226585	0.43020403	0.008007211	0.3262708	0.15214257	-4.508403e-06
1.455985936484462e-08	0.9031683	0.4279225	0.017280074	0.3262708	0.15214257	1.2420355e-05
1.4574981683445506e-08	0.9069842	0.41981876	0.02088588	0.3262708	0.15214257	4.0251184e-06
1.4589615067426905e-08	0.91080356	0.4120821	0.016065452	0.3262708	0.15214257	-1.25278575e-05
1.4604247815190495e-08	0.9118816	0.41012296	0.006474251	0.3262708	0.15214257	-4.203035e-06
1.4618882212654e-08	0.9094378	0.41538483	-0.0009917248	0.3262708	0.15214257	1.2411652e-05
1.4633518402292861e-08	0.90530413	0.4240388	-0.0009813773	0.3262708	0.15214257	4.3726e-06
1.4648155372445862e-08	0.9024042	0.42990935	0.0064877043	0.3262708	0.15214257	-1.2296302e-05
1.4662792088895549e-08	0.9027921	0.4288056	0.016158001	0.3262708	0.15214257	-4.535737e-06
1.4677913697653096e-08	0.9064606	0.42106444	0.02116771	0.3262708	0.15214257	1.2401175e-05
1.4692546106192946e-08	0.9105911	0.412596	0.017450383	0.3262708	0.15214257	4.068539e-06
1.470717811740249e-08	0.91217947	0.4094336	0.007745801	0.3262708	0.15214257	-1.2286987e-05
1.4721812331091295e-08	0.9100213	0.41405857	-0.000989759	0.3262708	0.15214257	-4.242704e-06
1.4736448470558881e-08	0.90563625	0.4233009	-0.0022939409	0.3262708	0.15214257	1.2173423e-05
1.4751085343947484e-08	0.902146	0.43049592	0.0050576073	0.3262708	0.15214257	4.405656e-06
1.4765721819019376e-08	0.9021972	0.43017453	0.01594689	0.3262708	0.15214257	-1.2059437e-05
1.4780843658817624e-08	0.9061159	0.42190036	0.022404062	0.3262708	0.15214257	-3.9380825e-06
1.4795476168892562e-08	0.91079813	0.4121569	0.01895686	0.3262708	0.15214257	1.2165745e-05
1.4810108639270222e-08	0.9127605	0.40812007	0.008190515	0.3262708	0.15214257	4.112698e-06
1.4824743551206384e-08	0.91049314	0.4129994	-0.0020167879	0.3262708	0.15214257	-1.2053928e-05
1.4839379951948322e-08	0.9055772	0.4234336	-0.0039372956	0.3262708	0.15214257	-4.2767983e-06
1.4854017501770227e-08	0.9015764	0.43177548	0.0042389273	0.3262708	0.15214257	1.19431925e-05
1.4868653977702964e-08	0.9016109	0.43152815	0.016740795	0.3262708	0.15214257	4.4351914e-06
1.4883776538074868e-08	0.9060709	0.4220537	0.024190828	0.3262708	0.15214257	-1.204782e-05
1.4898409424870878e-08	0.9113637	0.41090804	0.020121371	0.3262708	0.15214257	-3.979881e-06
1.4913042893076784e-08	0.913473	0.40652862	0.007645803	0.3262708	0.15214257	1.1938635e-05
1.492767800884654e-08	0.91071624	0.41250515	-0.0038568035	0.3262708	0.15214257	4.146451e-06
1.4942314211760834e-08	0.90508795	0.42451668	-0.0054750405	0.3262708	0.15214257	-1.1829674e-05
1.495695084655062e-08	0.9008032	0.43350673	0.0043693013	0.3262708	0.15214257	-4.305397e-06
1.497207386530038e-08	0.9013327	0.4322025	0.018882243	0.3262708	0.15214257	1.1930883e-05
