# t (s)	mx ()	my ()	mz ()	B_extx (T)	B_exty (T)	B_extz (T)
1e-12	0.9670866	0.25426665	0.0038541995	0.3477333	0.09317486	0
1.609712507841682e-11	0.9670806	0.2542892	0.0038693752	0.3477333	0.09317486	3.893733e-06
3.0940122913804625e-11	0.9670896	0.25425443	0.0038786153	0.3477333	0.09317486	-1.1985966e-05
4.5182848606606875e-11	0.96709925	0.25421843	0.0038452689	0.3477333	0.09317486	-4.322762e-06
5.991721934707399e-11	0.9670892	0.25425747	0.0038100246	0.3477333	0.09317486	1.1846124e-05
7.4733849368845e-11	0.96707314	0.25431785	0.0038368695	0.3477333	0.09317486	4.1631797e-06
8.974168281750728e-11	0.96707886	0.2542953	0.0038863467	0.3477333	0.09317486	-1.2072362e-05
1.039698295514855e-10	0.9670938	0.25423828	0.003884205	0.3477333	0.09317486	-4.4036065e-06
1.190599398286925e-10	0.9670932	0.254241	0.0038486284	0.3477333	0.09317486	1.2081831e-05
1.3347710943500239e-10	0.9670837	0.25427774	0.0038430376	0.3477333	0.09317486	4.2992856e-06
1.482753807715137e-10	0.9670861	0.25426826	0.0038547248	0.3477333	0.09317486	-1.2044716e-05
1.6296585463924115e-10	0.9670924	0.25424433	0.003841168	0.3477333	0.09317486	-4.2175525e-06
1.7757707122209147e-10	0.96708417	0.25427592	0.0038303726	0.3477333	0.09317486	1.2042695e-05
1.926209412923305e-10	0.96707433	0.25431243	0.0038660348	0.3477333	0.09317486	3.918531e-06
2.0710098553021384e-10	0.96708477	0.25427282	0.0038976315	0.3477333	0.09317486	-1.2142945e-05
2.2202426987466404e-10	0.96710026	0.25421432	0.0038666474	0.3477333	0.09317486	-3.945436e-06
2.36409678248244e-10	0.9670943	0.25423726	0.0038198994	0.3477333	0.09317486	1.2144621e-05
2.5125860040796066e-10	0.967078	0.25429955	0.003825943	0.3477333	0.09317486	4.1939948e-06
2.660751190916602e-10	0.9670796	0.25429288	0.0038647032	0.3477333	0.09317486	-1.2308941e-05
2.8086075630371833e-10	0.9670907	0.25425053	0.0038672301	0.3477333	0.09317486	-3.9605243e-06
2.951305026066321e-10	0.9670884	0.25425962	0.0038523192	0.3477333	0.09317486	1.219466e-05
3.0987661834065305e-10	0.96708065	0.25428838	0.0038617547	0.3477333	0.09317486	4.497966e-06
3.2460702363822606e-10	0.9670879	0.25426123	0.0038751892	0.3477333	0.09317486	-1.2276075e-05
3.3932102751534043e-10	0.96709794	0.2542232	0.0038466423	0.3477333	0.09317486	-4.473609e-06
3.5401938278947064e-10	0.9670886	0.25425908	0.0038147843	0.3477333	0.09317486	1.2326961e-05
3.6870936629170945e-10	0.96707356	0.254316	0.0038405405	0.3477333	0.09317486	4.522975e-06
3.8339231790577463e-10	0.96707916	0.2542936	0.0038869118	0.3477333	0.09317486	-1.2359096e-05
3.980662654092298e-10	0.967095	0.2542338	0.003881091	0.3477333	0.09317486	-4.614265e-06
4.132196707361459e-10	0.967093	0.2542417	0.003840503	0.3477333	0.09317486	1.2602288e-05
4.278781607779193e-10	0.9670815	0.2542861	0.0038400774	0.3477333	0.09317486	4.0987966e-06
4.425335135520131e-10	0.9670844	0.25427493	0.0038604713	0.3477333	0.09317486	-1.26117275e-05
4.5718546651797663e-10	0.96709293	0.2542424	0.0038502836	0.3477333	0.09317486	-4.2568795e-06
4.71831016505956e-10	0.9670862	0.25426817	0.0038339242	0.3477333	0.09317486	1.2612263e-05
4.864722006969164e-10	0.9670758	0.25430712	0.0038587407	0.3477333	0.09317486	4.443456e-06
5.011119187070924e-10	0.96708417	0.25427473	0.0038888364	0.3477333	0.09317486	-1.2602853e-05
5.15749901186782e-10	0.9670984	0.25422123	0.0038659188	0.3477333	0.09317486	-4.642954e-06
5.308734509959428e-10	0.9670928	0.2542434	0.0038233344	0.3477333	0.09317486	1.2818295e-05
5.455056235181994e-10	0.96707785	0.25429988	0.0038319482	0.3477333	0.09317486	4.1950543e-06
5.601368130016691e-10	0.96708035	0.25428933	0.003867597	0.3477333	0.09317486	-1.2805778e-05
5.747679689971922e-10	0.9670919	0.2542457	0.0038664357	0.3477333	0.09317486	-4.4176186e-06
5.893979998825862e-10	0.9670887	0.25425822	0.003845819	0.3477333	0.09317486	1.2788867e-05
6.040252496562897e-10	0.96707964	0.2542925	0.0038569255	0.3477333	0.09317486	4.647854e-06
6.186516141880942e-10	0.9670863	0.25426725	0.0038751133	0.3477333	0.09317486	-1.2764625e-05
6.337657905283548e-10	0.96709734	0.25422567	0.003852069	0.3477333	0.09317486	-4.214566e-06
6.483922728335971e-10	0.9670892	0.25425702	0.0038213711	0.3477333	0.09317486	1.2980344e-05
6.630173006118031e-10	0.9670752	0.25430956	0.003842464	0.3477333	0.09317486	4.4552835e-06
6.776415013159781e-10	0.9670808	0.25428766	0.003881113	0.3477333	0.09317486	-1.2958554e-05
6.922654272529888e-10	0.96709484	0.25423482	0.0038719561	0.3477333	0.09317486	-4.701438e-06
7.06889420389849e-10	0.9670916	0.2542478	0.0038398223	0.3477333	0.09317486	1.2931977e-05
7.220005442084798e-10	0.9670806	0.25428945	0.003845396	0.3477333	0.09317486	4.270274e-06
7.366234827886817e-10	0.967085	0.2542725	0.0038658995	0.3477333	0.09317486	-1.3148021e-05
7.512463851885447e-10	0.9670944	0.25423637	0.0038507525	0.3477333	0.09317486	-4.522333e-06
7.658695363547532e-10	0.9670871	0.2542648	0.0038293898	0.3477333	0.09317486	1.31249935e-05
7.804927196866808e-10	0.9670752	0.25430924	0.0038538857	0.3477333	0.09317486	4.7744716e-06
7.956024724658627e-10	0.9670837	0.25427693	0.0038866526	0.3477333	0.09317486	-1.3335675e-05
8.102242117415607e-10	0.96709764	0.25422406	0.0038662795	0.3477333	0.09317486	-4.3432306e-06
8.24846170484138e-10	0.96709204	0.25424615	0.003828491	0.3477333	0.09317486	1.3316053e-05
8.394686178411382e-10	0.9670784	0.25429794	0.0038381643	0.3477333	0.09317486	4.6008936e-06
8.540907272370395e-10	0.9670822	0.25428283	0.0038687368	0.3477333	0.09317486	-1.3292383e-05
8.687117594793965e-10	0.9670934	0.25424013	0.0038599572	0.3477333	0.09317486	-4.8611487e-06
8.838206211210484e-10	0.96708757	0.2542627	0.0038392167	0.3477333	0.09317486	1.35059245e-05
8.984426228083812e-10	0.96707755	0.25430068	0.0038582769	0.3477333	0.09317486	4.425708e-06
9.13064303618239e-10	0.9670858	0.254269	0.003882645	0.3477333	0.09317486	-1.3486344e-05
9.276855370567551e-10	0.9670984	0.25422087	0.0038566433	0.3477333	0.09317486	-4.689202e-06
9.423071694909965e-10	0.9670907	0.2542514	0.0038194794	0.3477333	0.09317486	1.3461799e-05
9.569287595142113e-10	0.96707535	0.25430942	0.0038375377	0.3477333	0.09317486	4.9530804e-06
9.720381502642672e-10	0.96708095	0.254287	0.0038791762	0.3477333	0.09317486	-1.3680446e-05
9.866593404791937e-10	0.9670946	0.25423518	0.0038695938	0.3477333	0.09317486	-4.5128804e-06
1.0012807463442977e-09	0.9670906	0.25425133	0.0038396022	0.3477333	0.09317486	1.3660377e-05
1.0159019114222428e-09	0.96707934	0.25429407	0.0038496973	0.3477333	0.09317486	4.780693e-06
1.03052378904585e-09	0.9670852	0.2542712	0.0038725804	0.3477333	0.09317486	-1.3635881e-05
1.0451454309733115e-09	0.96709645	0.25422868	0.003851992	0.3477333	0.09317486	-5.047988e-06
1.0602543554236488e-09	0.96708757	0.25426292	0.0038221858	0.3477333	0.09317486	1.3859071e-05
1.0748756468304744e-09	0.96707374	0.25431487	0.0038492724	0.3477333	0.09317486	4.6030405e-06
1.0894973703053608e-09	0.9670818	0.2542843	0.0038898478	0.3477333	0.09317486	-1.3839243e-05
1.104119460651603e-09	0.96709764	0.25422367	0.0038734034	0.3477333	0.09317486	-4.8729576e-06
1.1187407605954235e-09	0.9670935	0.2542405	0.0038312606	0.3477333	0.09317486	1.3814918e-05
1.1333622858067297e-09	0.96707916	0.25429478	0.0038352765	0.3477333	0.09317486	5.1452394e-06
1.1484711896931021e-09	0.9670827	0.254281	0.0038676045	0.3477333	0.09317486	-1.40429165e-05
1.1630929449034998e-09	0.9670937	0.25423893	0.0038572997	0.3477333	0.09317486	-4.69421e-06
1.1777139721113764e-09	0.9670874	0.25426316	0.0038352998	0.3477333	0.09317486	1.4023042e-05
1.1923354525670808e-09	0.9670761	0.2543058	0.003857419	0.3477333	0.09317486	4.970119e-06
1.2069568981699262e-09	0.96708477	0.25427285	0.0038872832	0.3477333	0.09317486	-1.3998472e-05
1.222065839027589e-09	0.96709996	0.25421542	0.003860833	0.3477333	0.09317486	-4.5117804e-06
1.2366872146714603e-09	0.9670919	0.25424647	0.0038172423	0.3477333	0.09317486	1.423149e-05
1.251308662842171e-09	0.96707535	0.2543095	0.0038324688	0.3477333	0.09317486	4.7903395e-06
1.2659301562298885e-09	0.9670793	0.254294	0.0038756274	0.3477333	0.09317486	-1.4211775e-05
1.2805516561916942e-09	0.9670934	0.25423974	0.0038733506	0.3477333	0.09317486	-5.0696985e-06
1.2951736491519398e-09	0.9670908	0.2542504	0.0038451878	0.3477333	0.09317486	1.4187538e-05
1.3102824671909544e-09	0.96707976	0.25429258	0.003852412	0.3477333	0.09317486	4.6049777e-06
1.324903970277836e-09	0.9670862	0.25426763	0.0038721256	0.3477333	0.09317486	-1.4425771e-05
1.3395255539572092e-09	0.9670971	0.25422645	0.0038483597	0.3477333	0.09317486	-4.8874003e-06
1.3541474161324414e-09	0.9670878	0.25426218	0.0038195213	0.3477333	0.09317486	1.4406454e-05
1.36876879275525e-09	0.96707314	0.25431767	0.0038476328	0.3477333	0.09317486	5.170694e-06
1.3833904498430802e-09	0.96708095	0.25428754	0.003891428	0.3477333	0.09317486	-1.4382039e-05
1.398499160652169e-09	0.9670981	0.254222	0.0038773296	0.3477333	0.09317486	-4.7007534e-06
1.4131212950798368e-09	0.9670941	0.2542379	0.003832639	0.3477333	0.09317486	1.4625932e-05
1.4277427556010708e-09	0.96707964	0.25429294	0.003834188	0.3477333	0.09317486	4.986782e-06
1.4423648413421945e-09	0.9670824	0.25428227	0.00386189	0.3477333	0.09317486	-1.46068505e-05
1.4569864798780537e-09	0.9670928	0.25424272	0.0038548731	0.3477333	0.09317486	-5.2737655e-06
1.471608368341335e-09	0.9670866	0.25426683	0.0038375128	0.3477333	0.09317486	1.4582834e-05
1.4867177203131094e-09	0.96707594	0.2543064	0.0038632029	0.3477333	0.09317486	4.796369e-06
1.5013394207720716e-09	0.9670862	0.2542676	0.0038898368	0.3477333	0.09317486	-1.483236e-05
1.515961110890495e-09	0.9671006	0.2542126	0.003858013	0.3477333	0.09317486	-5.0872545e-06
1.5305827631554717e-09	0.9670918	0.25424692	0.003813524	0.3477333	0.09317486	1.4813405e-05
1.5452049052713316e-09	0.9670742	0.25431347	0.0038318438	0.3477333	0.09317486	5.3787103e-06
1.5598265690472619e-09	0.9670787	0.25429615	0.0038785154	0.3477333	0.09317486	-1.478972e-05
1.5749360101874823e-09	0.967094	0.25423813	0.0038753925	0.3477333	0.09317486	-4.895255e-06
1.589558036009604e-09	0.9670909	0.2542497	0.0038458447	0.3477333	0.09317486	1.5045176e-05
1.6041804280076625e-09	0.9670802	0.25429067	0.0038527756	0.3477333	0.09317486	5.1891784e-06
1.6188024968419398e-09	0.9670866	0.25426593	0.0038703748	0.3477333	0.09317486	-1.50271535e-05
1.6334243700216653e-09	0.96709734	0.2542255	0.0038446728	0.3477333	0.09317486	-5.4851334e-06
1.6485337659584902e-09	0.9670863	0.25426817	0.0038188468	0.3477333	0.09317486	1.5277872e-05
1.66315593074477e-09	0.96707195	0.2543222	0.0038534384	0.3477333	0.09317486	4.99446e-06
1.677777520840622e-09	0.96708184	0.25428376	0.0038976937	0.3477333	0.09317486	-1.5264884e-05
1.6923990213564704e-09	0.96709985	0.25421548	0.0038754544	0.3477333	0.09317486	-5.2953674e-06
1.7070208660319957e-09	0.9670946	0.25423637	0.0038259048	0.3477333	0.09317486	1.5246584e-05
1.7216419748264514e-09	0.96707803	0.25429899	0.0038306117	0.3477333	0.09317486	5.597821e-06
1.7367509365527114e-09	0.96708155	0.2542851	0.0038656513	0.3477333	0.09317486	-1.5502595e-05
1.7513723655814062e-09	0.9670934	0.25424045	0.0038582229	0.3477333	0.09317486	-5.1024695e-06
1.7659936112482103e-09	0.967087	0.25426492	0.0038380395	0.3477333	0.09317486	1.5489406e-05
1.7806143584913006e-09	0.96707577	0.25430703	0.0038622774	0.3477333	0.09317486	5.410203e-06
1.7952355657268243e-09	0.967086	0.25426814	0.003890163	0.3477333	0.09317486	-1.5470572e-05
1.809856903754063e-09	0.9671013	0.2542104	0.0038571868	0.3477333	0.09317486	-5.718405e-06
1.824965266398595e-09	0.9670906	0.25425142	0.0038098912	0.3477333	0.09317486	1.5732718e-05
1.8395861661858044e-09	0.96707255	0.25432014	0.0038348287	0.3477333	0.09317486	5.218253e-06
1.8542076405716794e-09	0.9670787	0.25429592	0.0038856547	0.3477333	0.09317486	-1.5719705e-05
1.8688289925662425e-09	0.96709603	0.2542304	0.003878414	0.3477333	0.09317486	-5.529797e-06
1.8834500233438646e-09	0.9670927	0.25424334	0.0038400646	0.3477333	0.09317486	1.5701387e-05
1.898071422841203e-09	0.96707934	0.25429395	0.0038449885	0.3477333	0.09317486	5.843453e-06
1.9131803146147965e-09	0.96708506	0.2542716	0.0038715429	0.3477333	0.09317486	-1.5970438e-05
1.9278020634993044e-09	0.9670971	0.25422633	0.003849378	0.3477333	0.09317486	-5.334108e-06
1.942423608762373e-09	0.96708757	0.25426328	0.0038205131	0.3477333	0.09317486	1.5958387e-05
1.957045351518739e-09	0.9670723	0.25432053	0.0038513462	0.3477333	0.09317486	5.650241e-06
1.971666825032653e-09	0.96708167	0.25428447	0.0038957682	0.3477333	0.09317486	-1.5940965e-05
1.9867758770048004e-09	0.9671006	0.25421283	0.0038717703	0.3477333	0.09317486	-5.1315637e-06
2.0013970382376824e-09	0.9670938	0.25423923	0.0038217553	0.3477333	0.09317486	1.6216676e-05
2.016018509428561e-09	0.9670765	0.25430527	0.0038313984	0.3477333	0.09317486	5.452725e-06
2.0306398399443874e-09	0.96708035	0.25428954	0.0038711224	0.3477333	0.09317486	-1.6204873e-05
2.045261477130863e-09	0.9670944	0.25423628	0.0038646115	0.3477333	0.09317486	-5.7749676e-06
2.059883157288918e-09	0.9670891	0.2542571	0.0038373838	0.3477333	0.09317486	1.6187963e-05
2.074992074761848e-09	0.96707577	0.25430748	0.0038558778	0.3477333	0.09317486	5.248782e-06
2.0896130091115445e-09	0.9670849	0.25427207	0.0038862228	0.3477333	0.09317486	-1.647046e-05
2.10423475560672e-09	0.96710014	0.25421467	0.0038578447	0.3477333	0.09317486	-5.5755563e-06
2.1188561008167543e-09	0.9670911	0.2542499	0.0038155224	0.3477333	0.09317486	1.6459406e-05
2.133476902443128e-09	0.96707344	0.25431684	0.0038373545	0.3477333	0.09317486	5.905008e-06
2.1480984704466395e-09	0.9670796	0.25429243	0.0038843332	0.3477333	0.09317486	-1.6442391e-05
2.1632067682373624e-09	0.9670969	0.25422657	0.0038741387	0.3477333	0.09317486	-5.372549e-06
2.1778278408882274e-09	0.96709204	0.25424582	0.003834915	0.3477333	0.09317486	1.6731921e-05
2.192448559034046e-09	0.9670777	0.25430036	0.0038447375	0.3477333	0.09317486	5.7068173e-06
2.2070697561949866e-09	0.96708375	0.25427642	0.0038740996	0.3477333	0.09317486	-1.6720729e-05
2.221691089641313e-09	0.96709734	0.25422546	0.0038545073	0.3477333	0.09317486	-6.0415855e-06
2.236312319359635e-09	0.9670888	0.25425854	0.0038229604	0.3477333	0.09317486	1.670431e-05
2.2514214293039987e-09	0.96707314	0.25431758	0.0038494205	0.3477333	0.09317486	5.5005166e-06
2.266042984589977e-09	0.96708196	0.2542828	0.0038908245	0.3477333	0.09317486	-1.7002325e-05
2.2806644222764433e-09	0.96709937	0.25421724	0.003868969	0.3477333	0.09317486	-5.8387564e-06
2.2952855154530135e-09	0.96709263	0.25424385	0.0038243774	0.3477333	0.09317486	1.6992195e-05
2.309906799346559e-09	0.9670758	0.2543074	0.0038381666	0.3477333	0.09317486	6.180024e-06
2.3250152158786893e-09	0.9670818	0.25428426	0.0038754041	0.3477333	0.09317486	-1.7285369e-05
2.3396362355589953e-09	0.96709645	0.25422904	0.0038613419	0.3477333	0.09317486	-5.632573e-06
2.354257299748884e-09	0.967089	0.25425738	0.003830273	0.3477333	0.09317486	1.728142e-05
2.3688786260291725e-09	0.96707463	0.2543117	0.0038528184	0.3477333	0.09317486	5.978276e-06
2.383498965374273e-09	0.96708375	0.2542766	0.003888008	0.3477333	0.09317486	-1.727144e-05
2.398120003133867e-09	0.96710026	0.2542142	0.0038614462	0.3477333	0.09317486	-6.3278494e-06
2.4132288540792304e-09	0.967091	0.2542502	0.003818137	0.3477333	0.09317486	1.7572842e-05
2.4278503767924336e-09	0.96707374	0.25431588	0.0038402127	0.3477333	0.09317486	5.7704524e-06
2.4424717311913297e-09	0.96708095	0.2542875	0.0038838193	0.3477333	0.09317486	-1.7570257e-05
2.457092960924198e-09	0.96709764	0.25422418	0.003867782	0.3477333	0.09317486	-6.1224105e-06
2.4717143458203545e-09	0.9670908	0.25425014	0.0038294748	0.3477333	0.09317486	1.7561715e-05
2.4863354656797025e-09	0.96707535	0.2543091	0.003847461	0.3477333	0.09317486	6.47662e-06
2.501443682734538e-09	0.96708417	0.25427502	0.0038824014	0.3477333	0.09317486	-1.7871122e-05
2.516064744298068e-09	0.96709967	0.2542169	0.0038564708	0.3477333	0.09317486	-5.9127615e-06
2.5306856684680375e-09	0.96708983	0.2542544	0.0038171199	0.3477333	0.09317486	1.7868959e-05
2.5453068399992826e-09	0.96707225	0.25432113	0.0038438984	0.3477333	0.09317486	6.2725258e-06
2.55992824644184e-09	0.9670808	0.25428832	0.0038911283	0.3477333	0.09317486	-1.7861272e-05
2.5745494499845754e-09	0.96709937	0.25421754	0.0038723154	0.3477333	0.09317486	-6.6335183e-06
2.5896584109013763e-09	0.96709204	0.25424615	0.0038248622	0.3477333	0.09317486	1.817999e-05
2.6042799363122297e-09	0.96707517	0.25430986	0.0038418374	0.3477333	0.09317486	6.0585794e-06
2.618901777560899e-09	0.96708256	0.25428158	0.0038800433	0.3477333	0.09317486	-1.8179842e-05
2.6335236083813535e-09	0.9670984	0.25422135	0.0038597113	0.3477333	0.09317486	-6.4224555e-06
2.6481452295771877e-09	0.9670896	0.2542549	0.003821937	0.3477333	0.09317486	1.8173838e-05
2.6627668536667892e-09	0.96707255	0.25431964	0.003847735	0.3477333	0.09317486	6.7894857e-06
2.677875408968672e-09	0.96708256	0.25428095	0.0038944278	0.3477333	0.09317486	-1.8501563e-05
2.692496704101588e-09	0.96710145	0.25420982	0.0038676003	0.3477333	0.09317486	-6.2066197e-06
2.7071178492540144e-09	0.9670931	0.25424203	0.0038172172	0.3477333	0.09317486	1.850209e-05
2.7217395741282038e-09	0.96707386	0.25431508	0.0038340448	0.3477333	0.09317486	6.579493e-06
2.7363607662414e-09	0.96707976	0.25429168	0.0038805187	0.3477333	0.09317486	-1.8496883e-05
2.7514696791843743e-09	0.9670978	0.25422344	0.0038660357	0.3477333	0.09317486	-5.9840495e-06
2.766091028481785e-09	0.9670902	0.25425282	0.0038285295	0.3477333	0.09317486	1.8834162e-05
2.7807129491691282e-09	0.9670742	0.2543132	0.0038502843	0.3477333	0.09317486	6.361233e-06
2.7953345525042143e-09	0.9670837	0.254277	0.0038880534	0.3477333	0.09317486	-1.8836816e-05
2.809956261274406e-09	0.9671013	0.25421077	0.0038600008	0.3477333	0.09317486	-6.7409724e-06
2.8245780788142282e-09	0.9670915	0.25424808	0.003813142	0.3477333	0.09317486	1.8833383e-05
2.8396871078862565e-09	0.96707094	0.25432584	0.0038382902	0.3477333	0.09317486	6.134182e-06
2.854308209427942e-09	0.9670793	0.25429338	0.0038915735	0.3477333	0.09317486	-1.9180397e-05
2.8689297222372563e-09	0.96709925	0.25421825	0.0038761352	0.3477333	0.09317486	-6.520642e-06
2.883551324798008e-09	0.9670934	0.254241	0.0038295074	0.3477333	0.09317486	1.9184336e-05
2.8981726981834503e-09	0.9670761	0.2543062	0.0038407526	0.3477333	0.09317486	6.9091416e-06
2.912794577248115e-09	0.9670827	0.25428072	0.003876454	0.3477333	0.09317486	-1.9182165e-05
2.927903668599063e-09	0.96709883	0.25421974	0.0038557092	0.3477333	0.09317486	-6.2919084e-06
2.942526023440452e-09	0.9670887	0.25425866	0.0038194342	0.3477333	0.09317486	1.9540435e-05
2.9571480296443533e-09	0.9670711	0.254325	0.0038505513	0.3477333	0.09317486	6.683029e-06
2.9717703758861425e-09	0.9670818	0.25428385	0.003898045	0.3477333	0.09317486	-1.9547037e-05
2.9863920612405237e-09	0.96710235	0.25420642	0.0038709536	0.3477333	0.09317486	-7.0777664e-06
3.001013737828843e-09	0.96709424	0.25423768	0.0038161685	0.3477333	0.09317486	1.9546658e-05
3.0161225894968875e-09	0.96707356	0.2543162	0.003830716	0.3477333	0.09317486	6.450814e-06
3.030744586730627e-09	0.9670796	0.25429288	0.0038785299	0.3477333	0.09317486	-1.9915185e-05
3.0453661970618994e-09	0.9670969	0.2542268	0.0038673936	0.3477333	0.09317486	-6.8521385e-06
3.059987574061779e-09	0.96709	0.25425375	0.0038323558	0.3477333	0.09317486	1.9922718e-05
3.074609274511216e-09	0.96707433	0.25431302	0.0038545253	0.3477333	0.09317486	7.257681e-06
3.089718391038181e-09	0.96708506	0.2542716	0.0038888697	0.3477333	0.09317486	-2.0287696e-05
3.104340107279469e-09	0.96710247	0.2542058	0.0038546124	0.3477333	0.09317486	-6.6191333e-06
3.118961850880485e-09	0.9670906	0.25425172	0.0038072541	0.3477333	0.09317486	2.0304047e-05
3.1335840134220376e-09	0.9670695	0.25433114	0.0038386527	0.3477333	0.09317486	7.0288347e-06
3.1482056978012763e-09	0.96707875	0.2542956	0.0038960583	0.3477333	0.09317486	-2.0314314e-05
3.1628271667504023e-09	0.9671003	0.25421372	0.0038786922	0.3477333	0.09317486	-7.443432e-06
3.177935767048159e-09	0.9670938	0.25423947	0.0038278343	0.3477333	0.09317486	2.0690213e-05
3.192557268594004e-09	0.9670755	0.2543082	0.0038400579	0.3477333	0.09317486	6.795127e-06
3.207178364346886e-09	0.967083	0.25427964	0.0038764712	0.3477333	0.09317486	-2.0708287e-05
3.221799680299606e-09	0.967099	0.25421888	0.0038534459	0.3477333	0.09317486	-7.2175635e-06
3.236420796602564e-09	0.9670882	0.25426078	0.0038176894	0.3477333	0.09317486	2.0719666e-05
3.251041556520623e-09	0.96706975	0.25433034	0.0038536058	0.3477333	0.09317486	7.644636e-06
3.266149673284816e-09	0.967083	0.254279	0.003903387	0.3477333	0.09317486	-2.1106944e-05
3.2807704876075976e-09	0.96710443	0.25419778	0.0038679014	0.3477333	0.09317486	-6.987358e-06
3.295391359112376e-09	0.96709424	0.25423798	0.0038080506	0.3477333	0.09317486	2.1126722e-05
3.310011993936688e-09	0.96707153	0.25432408	0.003828654	0.3477333	0.09317486	7.4217905e-06
3.324633300721345e-09	0.96707815	0.25429773	0.0038844268	0.3477333	0.09317486	-2.1139964e-05
3.339254142351559e-09	0.96709824	0.25422165	0.0038726141	0.3477333	0.09317486	-7.858424e-06
3.3543627641063705e-09	0.9670906	0.25425163	0.0038299137	0.3477333	0.09317486	2.154073e-05
3.3689836625652466e-09	0.96707356	0.25431597	0.0038531404	0.3477333	0.09317486	7.1878817e-06
3.3836048002120933e-09	0.96708447	0.25427333	0.003890792	0.3477333	0.09317486	-2.1563368e-05
3.3982254812246453e-09	0.96710354	0.25420195	0.0038548256	0.3477333	0.09317486	-7.632077e-06
3.4128465181390985e-09	0.9670911	0.25425014	0.0038035407	0.3477333	0.09317486	2.1578924e-05
3.427955180479413e-09	0.96706784	0.25433815	0.0038417287	0.3477333	0.09317486	6.9457083e-06
3.442576444898261e-09	0.967079	0.2542943	0.0039030847	0.3477333	0.09317486	-2.199376e-05
3.457197319827146e-09	0.9671025	0.25420505	0.0038796319	0.3477333	0.09317486	-7.396005e-06
3.471818418244779e-09	0.967095	0.25423437	0.0038206882	0.3477333	0.09317486	2.2019214e-05
3.486439866616642e-09	0.96707404	0.25431466	0.0038337198	0.3477333	0.09317486	7.849476e-06
3.5010607766284127e-09	0.9670809	0.25428772	0.003879451	0.3477333	0.09317486	-2.2038083e-05
3.5161698046410273e-09	0.96710014	0.25421467	0.0038578694	0.3477333	0.09317486	-7.1494937e-06
3.530790845325151e-09	0.9670891	0.25425756	0.0038173392	0.3477333	0.09317486	2.2467428e-05
3.5454124802810796e-09	0.9670695	0.25433138	0.003852178	0.3477333	0.09317486	7.60979e-06
3.5600338222474136e-09	0.96708196	0.25428295	0.0039037266	0.3477333	0.09317486	-2.2496914e-05
3.5746552293810007e-09	0.9671051	0.25419587	0.003869596	0.3477333	0.09317486	-8.074285e-06
3.5892767177184945e-09	0.96709484	0.25423577	0.0038067196	0.3477333	0.09317486	2.25194e-05
3.6043851707997724e-09	0.9670699	0.25433055	0.0038296625	0.3477333	0.09317486	7.3606802e-06
3.619006249966466e-09	0.96707815	0.25429818	0.003889959	0.3477333	0.09317486	-2.2963393e-05
3.6336279370670673e-09	0.9671	0.254215	0.0038747136	0.3477333	0.09317486	-7.832594e-06
3.648249392630475e-09	0.9670924	0.25424457	0.0038265546	0.3477333	0.09317486	2.2996592e-05
3.6628702879422187e-09	0.96707296	0.25431842	0.003846623	0.3477333	0.09317486	8.310169e-06
3.6774919776936273e-09	0.967083	0.25427988	0.0038895698	0.3477333	0.09317486	-2.3022269e-05
3.6926009037907964e-09	0.96710366	0.25420105	0.0038577726	0.3477333	0.09317486	-7.580727e-06
3.707222397809149e-09	0.9670911	0.25424978	0.0038056802	0.3477333	0.09317486	2.3483013e-05
3.721843447760234e-09	0.967068	0.2543373	0.0038398332	0.3477333	0.09317486	8.06566e-06
3.736465208789573e-09	0.96707875	0.25429517	0.0039014542	0.3477333	0.09317486	-2.3519875e-05
3.751086422942047e-09	0.96710306	0.25420335	0.0038776977	0.3477333	0.09317486	-8.55444e-06
3.765707676610215e-09	0.96709484	0.25423518	0.0038181164	0.3477333	0.09317486	2.3549268e-05
3.7808162190814795e-09	0.96707225	0.2543214	0.0038352197	0.3477333	0.09317486	7.8122775e-06
3.795437916467691e-09	0.9670808	0.2542878	0.003884824	0.3477333	0.09317486	-2.4026804e-05
3.810059186789066e-09	0.9671013	0.2542107	0.003861856	0.3477333	0.09317486	-8.309277e-06
3.8246807553171256e-09	0.9670904	0.25425243	0.00381616	0.3477333	0.09317486	2.4067996e-05
3.839302209762284e-09	0.96706915	0.25433278	0.0038489134	0.3477333	0.09317486	8.811376e-06
3.854411384496136e-09	0.96708184	0.25428364	0.0039025962	0.3477333	0.09317486	-2.454462e-05
3.869033053253569e-09	0.96710527	0.25419486	0.0038678094	0.3477333	0.09317486	-8.051092e-06
3.883654758954333e-09	0.9670938	0.25423953	0.003806637	0.3477333	0.09317486	2.4598274e-05
3.898276642688164e-09	0.9670693	0.25433213	0.0038331323	0.3477333	0.09317486	8.560315e-06
3.912898320294773e-09	0.96707875	0.2542955	0.0038928539	0.3477333	0.09317486	-2.464496e-05
3.927520377107529e-09	0.9671019	0.25420782	0.0038713734	0.3477333	0.09317486	-9.0747335e-06
3.94262876435704e-09	0.9670918	0.25424686	0.0038197993	0.3477333	0.09317486	2.5139729e-05
3.95725013198853e-09	0.9670705	0.25432748	0.003846995	0.3477333	0.09317486	8.3011455e-06
3.97187124419707e-09	0.9670825	0.25428128	0.0038961775	0.3477333	0.09317486	-2.519798e-05
3.986492644834374e-09	0.9671051	0.25419608	0.0038609207	0.3477333	0.09317486	-8.827878e-06
4.001113692289181e-09	0.9670922	0.25424567	0.0038034273	0.3477333	0.09317486	2.5248868e-05
4.015734668534923e-09	0.9670671	0.2543406	0.0038378348	0.3477333	0.09317486	9.361888e-06
4.030843347264316e-09	0.96707934	0.25429288	0.003902688	0.3477333	0.09317486	-2.5762598e-05
4.045464362600683e-09	0.96710443	0.2541983	0.0038738172	0.3477333	0.09317486	-8.571817e-06
4.060084968257845e-09	0.96709394	0.254239	0.0038131343	0.3477333	0.09317486	2.5825804e-05
4.074705886842643e-09	0.96707004	0.2543296	0.0038382567	0.3477333	0.09317486	9.116841e-06
4.089326981373206e-09	0.9670806	0.2542885	0.0038937777	0.3477333	0.09317486	-2.588189e-05
4.1039480559768215e-09	0.9671041	0.25419962	0.003864199	0.3477333	0.09317486	-9.666457e-06
4.119056620547986e-09	0.9670908	0.25425103	0.0038074537	0.3477333	0.09317486	2.641673e-05
4.1336775471329264e-09	0.9670667	0.25434202	0.0038454647	0.3477333	0.09317486	8.859626e-06
4.148298889999077e-09	0.9670802	0.25428987	0.00390774	0.3477333	0.09317486	-2.6486832e-05
4.162920049887661e-09	0.96710664	0.2541897	0.0038729797	0.3477333	0.09317486	-9.418472e-06
4.177541257295702e-09	0.9670952	0.2542341	0.0038046206	0.3477333	0.09317486	2.6549515e-05
4.192649769107566e-09	0.9670679	0.2543374	0.0038346068	0.3477333	0.09317486	8.589331e-06
4.207271290477055e-09	0.9670793	0.25429362	0.0038968802	0.3477333	0.09317486	-2.7107208e-05
4.221892750126137e-09	0.9671041	0.25419992	0.0038692756	0.3477333	0.09317486	-9.157077e-06
4.2365145174580076e-09	0.9670924	0.254245	0.0038115897	0.3477333	0.09317486	2.7185302e-05
4.251135706382845e-09	0.9670677	0.25433797	0.003844076	0.3477333	0.09317486	9.732146e-06
4.265756862112065e-09	0.9670806	0.2542883	0.0039044167	0.3477333	0.09317486	-2.7254973e-05
4.280865657108514e-09	0.9671078	0.2541859	0.0038649647	0.3477333	0.09317486	-8.883095e-06
4.295486798269803e-09	0.96709365	0.2542406	0.003797765	0.3477333	0.09317486	2.7836517e-05
4.3101079460826636e-09	0.96706563	0.25434613	0.003832732	0.3477333	0.09317486	9.471011e-06
4.324728631082449e-09	0.96707726	0.25430092	0.0039040686	0.3477333	0.09317486	-2.7920994e-05
4.3393496522786475e-09	0.96710485	0.25419617	0.0038788014	0.3477333	0.09317486	-1.0068448e-05
4.353970279421324e-09	0.967095	0.2542347	0.003813469	0.3477333	0.09317486	2.7997557e-05
4.369078484695809e-09	0.96706843	0.25433564	0.0038397547	0.3477333	0.09317486	9.202755e-06
4.383699057574117e-09	0.9670809	0.25428727	0.0038985421	0.3477333	0.09317486	-2.86038e-05
4.3983199888743515e-09	0.9671063	0.2541913	0.0038632746	0.3477333	0.09317486	-9.812457e-06
4.412940529313687e-09	0.9670924	0.2542451	0.0038008117	0.3477333	0.09317486	2.8696311e-05
4.427560727760678e-09	0.9670647	0.25434935	0.0038393815	0.3477333	0.09317486	1.0432875e-05
4.442181819905171e-09	0.96707803	0.254298	0.003911119	0.3477333	0.09317486	-2.8780805e-05
4.457290172257989e-09	0.96710825	0.25418362	0.0038778782	0.3477333	0.09317486	-9.54453e-06
4.471911292176772e-09	0.9670962	0.25423044	0.0038034176	0.3477333	0.09317486	2.9415734e-05
4.486532442800069e-09	0.9670677	0.25433868	0.00382884	0.3477333	0.09317486	1.0172607e-05
4.5011539581315026e-09	0.96707803	0.25429803	0.0038950748	0.3477333	0.09317486	-2.9518946e-05
4.515774811481797e-09	0.9671044	0.2541983	0.0038693787	0.3477333	0.09317486	-1.080936e-05
4.53088358347611e-09	0.9670918	0.25424716	0.0038089987	0.3477333	0.09317486	3.0157995e-05
4.545504952162822e-09	0.96706593	0.25434524	0.00384709	0.3477333	0.09317486	9.896752e-06
4.560126228524029e-09	0.96708107	0.25428635	0.003910629	0.3477333	0.09317486	-3.0279361e-05
4.574747188633623e-09	0.96710956	0.25417843	0.0038676716	0.3477333	0.09317486	-1.0547075e-05
4.589368530895141e-09	0.967095	0.25423533	0.003792956	0.3477333	0.09317486	3.0392795e-05
4.603989684783328e-09	0.9670641	0.25435227	0.0038285858	0.3477333	0.09317486	1.1206242e-05
4.619098641495427e-09	0.96707654	0.25430378	0.003907417	0.3477333	0.09317486	-3.1063377e-05
4.633719745080564e-09	0.9671063	0.254191	0.0038802668	0.3477333	0.09317486	-1.0270642e-05
4.648341321409474e-09	0.967095	0.2542349	0.0038118288	0.3477333	0.09317486	3.1196647e-05
4.662962712474486e-09	0.96706784	0.25433806	0.0038397594	0.3477333	0.09317486	1.0942269e-05
4.677583567229853e-09	0.9670809	0.25428727	0.0039002046	0.3477333	0.09317486	-3.132188e-05
4.69220467890598e-09	0.9671081	0.25418434	0.0038605023	0.3477333	0.09317486	-1.1627694e-05
4.707312796749112e-09	0.9670914	0.254249	0.003794627	0.3477333	0.09317486	3.202501e-05
4.7219338281420414e-09	0.9670619	0.2543606	0.0038427687	0.3477333	0.09317486	1.0670746e-05
4.736554823852874e-09	0.96707827	0.25429702	0.003920654	0.3477333	0.09317486	-3.2170676e-05
4.751176262071912e-09	0.9671109	0.25417382	0.0038799758	0.3477333	0.09317486	-1.1369664e-05
4.765797131006657e-09	0.96709764	0.25422537	0.0037964527	0.3477333	0.09317486	3.2309134e-05
4.780417996266846e-09	0.96706533	0.2543475	0.003824885	0.3477333	0.09317486	1.2082327e-05
4.795526195387795e-09	0.96707773	0.25429925	0.0038998395	0.3477333	0.09317486	-3.304858e-05
4.810147263832081e-09	0.96710646	0.2541904	0.0038692544	0.3477333	0.09317486	-1.1099425e-05
4.824768027501999e-09	0.9670922	0.2542454	0.0038054865	0.3477333	0.09317486	3.3208642e-05
4.839388972171011e-09	0.9670637	0.25435346	0.003848112	0.3477333	0.09317486	1.1828429e-05
4.854010354191802e-09	0.9670808	0.25428787	0.0039180755	0.3477333	0.09317486	-3.3361845e-05
4.869118765785746e-09	0.9671128	0.25416642	0.0038637295	0.3477333	0.09317486	-1.081239e-05
4.883739730082185e-09	0.9670946	0.25423697	0.00378239	0.3477333	0.09317486	3.414142e-05
4.898360538026116e-09	0.96706027	0.2543669	0.0038284652	0.3477333	0.09317486	1.1557818e-05
4.912981542682765e-09	0.96707517	0.25430915	0.003917684	0.3477333	0.09317486	-3.4317887e-05
4.927602153531071e-09	0.9671095	0.25417876	0.00388575	0.3477333	0.09317486	-1.2316983e-05
4.942223218442776e-09	0.96709734	0.25422624	0.0038039668	0.3477333	0.09317486	3.448678e-05
4.957331407433474e-09	0.9670649	0.25434884	0.0038370795	0.3477333	0.09317486	1.1274264e-05
4.971952377639184e-09	0.9670802	0.25428978	0.003906106	0.3477333	0.09317486	-3.530953e-05
4.9865730900751055e-09	0.96711046	0.25417498	0.0038616112	0.3477333	0.09317486	-1.2051182e-05
5.0011940376445035e-09	0.96709263	0.25424424	0.0037878156	0.3477333	0.09317486	3.5504214e-05
5.015814822548487e-09	0.9670591	0.25437135	0.0038399468	0.3477333	0.09317486	1.2842255e-05
5.0304354930184005e-09	0.96707666	0.25430292	0.0039289123	0.3477333	0.09317486	-3.569137e-05
5.045544173748229e-09	0.9671145	0.25415927	0.0038796868	0.3477333	0.09317486	-1.1768923e-05
5.060165812206501e-09	0.96709824	0.25422308	0.003785365	0.3477333	0.09317486	3.6563295e-05
5.07478718292527e-09	0.9670617	0.2543615	0.0038211425	0.3477333	0.09317486	1.257449e-05
5.0894082246542864e-09	0.96707517	0.25430924	0.0039089285	0.3477333	0.09317486	-3.6779893e-05
5.104029521853727e-09	0.9671092	0.2541801	0.0038780712	0.3477333	0.09317486	-1.3398307e-05
5.1186501032448355e-09	0.967095	0.25423482	0.0038009188	0.3477333	0.09317486	3.6988855e-05
5.133758259680555e-09	0.9670611	0.25436324	0.0038443906	0.3477333	0.09317486	1.2295237e-05
5.148378848905031e-09	0.96707994	0.25429058	0.0039225495	0.3477333	0.09317486	-3.7910777e-05
5.162999737013115e-09	0.9671151	0.25415748	0.0038687112	0.3477333	0.09317486	-1.31436545e-05
5.177620496392256e-09	0.9670963	0.25423044	0.003777097	0.3477333	0.09317486	3.8149916e-05
5.192241872281089e-09	0.9670577	0.25437647	0.003824858	0.3477333	0.09317486	1.4006581e-05
5.207350460140694e-09	0.96707475	0.25431022	0.0039273836	0.3477333	0.09317486	-3.9091832e-05
5.221971905656951e-09	0.9671133	0.2541644	0.0038872985	0.3477333	0.09317486	-1.2864273e-05
5.236593047735054e-09	0.96709824	0.25422287	0.00379439	0.3477333	0.09317486	3.936523e-05
5.251214245111847e-09	0.9670619	0.25436017	0.0038290664	0.3477333	0.09317486	1.3749367e-05
5.2658359626760495e-09	0.96707755	0.2543001	0.0039116545	0.3477333	0.09317486	-3.9633294e-05
5.28045687620302e-09	0.9671127	0.25416708	0.0038685987	0.3477333	0.09317486	-1.4652092e-05
5.295565376515419e-09	0.96709365	0.2542407	0.0037832265	0.3477333	0.09317486	4.0635314e-05
5.310186077569118e-09	0.9670566	0.25438058	0.0038392402	0.3477333	0.09317486	1.3477014e-05
5.324806698900324e-09	0.9670768	0.25430238	0.003933811	0.3477333	0.09317486	-4.093718e-05
5.339427181985518e-09	0.9671169	0.25415045	0.0038817725	0.3477333	0.09317486	-1.4411593e-05
5.354047948707227e-09	0.96709925	0.25421926	0.0037792295	0.3477333	0.09317486	4.1233438e-05
5.3686686979967235e-09	0.9670585	0.25437388	0.0038202526	0.3477333	0.09317486	1.536527e-05
5.3837770342753765e-09	0.96707475	0.25431004	0.003919683	0.3477333	0.09317486	-4.230309e-05
5.3983977470098e-09	0.9671134	0.25416404	0.003879257	0.3477333	0.09317486	-1.4152714e-05
5.413019128238409e-09	0.9670959	0.2542318	0.0037904684	0.3477333	0.09317486	4.2640517e-05
5.427640199590987e-09	0.96705806	0.25437465	0.0038384341	0.3477333	0.09317486	1.51300255e-05
5.4422611522151696e-09	0.96707785	0.25429842	0.003928433	0.3477333	0.09317486	-4.2973257e-05
5.457369387906041e-09	0.9671182	0.25414598	0.003869626	0.3477333	0.09317486	-1.3870178e-05
5.471990482731498e-09	0.9670962	0.2542306	0.0037707938	0.3477333	0.09317486	4.4119202e-05
5.4866115581390776e-09	0.96705407	0.25439015	0.0038278394	0.3477333	0.09317486	1.4877714e-05
5.501232258145912e-09	0.9670739	0.2543129	0.0039346702	0.3477333	0.09317486	-4.4495886e-05
5.515853261871087e-09	0.9671172	0.25414938	0.0038866212	0.3477333	0.09317486	-1.5912372e-05
5.530474039452752e-09	0.96709937	0.25421897	0.0037817336	0.3477333	0.09317486	4.4868935e-05
5.545582437419524e-09	0.9670569	0.25437978	0.0038297686	0.3477333	0.09317486	1.4608619e-05
5.560202913713785e-09	0.9670768	0.25430238	0.0039258804	0.3477333	0.09317486	-4.6099456e-05
5.57482416851091e-09	0.9671177	0.2541475	0.0038714064	0.3477333	0.09317486	-1.5675363e-05
5.589445260247348e-09	0.96709603	0.2542319	0.0037727363	0.3477333	0.09317486	4.6523037e-05
5.604066549808608e-09	0.96705264	0.25439584	0.0038336383	0.3477333	0.09317486	1.6766702e-05
5.618687857452652e-09	0.9670746	0.25431052	0.003943339	0.3477333	0.09317486	-4.694485e-05
5.633796004615622e-09	0.9671213	0.25413367	0.0038802796	0.3477333	0.09317486	-1.5414522e-05
5.64841699057025e-09	0.96709913	0.25422	0.0037672888	0.3477333	0.09317486	4.8272024e-05
5.663037767849944e-09	0.96705294	0.2543946	0.0038222517	0.3477333	0.09317486	1.654484e-05
5.6776590957418936e-09	0.96707356	0.25431493	0.0039347745	0.3477333	0.09317486	-4.874883e-05
5.692280080082009e-09	0.96711934	0.25414148	0.003882947	0.3477333	0.09317486	-1.7703527e-05
5.706901472911956e-09	0.96709865	0.2542214	0.0037731254	0.3477333	0.09317486	4.9225546e-05
5.722010070635039e-09	0.96705186	0.25439864	0.0038349673	0.3477333	0.09317486	1.6298092e-05
5.736631815592072e-09	0.9670761	0.2543048	0.0039442116	0.3477333	0.09317486	-5.0664356e-05
5.7512533209527035e-09	0.96712345	0.25412583	0.0038780824	0.3477333	0.09317486	-1.7491859e-05
5.765875105332472e-09	0.96709955	0.25421867	0.0037585434	0.3477333	0.09317486	5.1206433e-05
5.780496698444024e-09	0.9670494	0.2544082	0.003820076	0.3477333	0.09317486	1.8720011e-05
5.795118157294732e-09	0.9670711	0.25432363	0.0039458787	0.3477333	0.09317486	-5.174986e-05
5.8102271230805965e-09	0.96712315	0.2541269	0.0038864533	0.3477333	0.09317486	-1.7257522e-05
5.824848617312082e-09	0.96709996	0.2542169	0.0037655092	0.3477333	0.09317486	5.33138e-05
5.839469908810307e-09	0.9670504	0.25440463	0.003824678	0.3477333	0.09317486	1.853413e-05
5.854091400083085e-09	0.96707374	0.25431406	0.0039443024	0.3477333	0.09317486	-5.3929514e-05
5.868713258729969e-09	0.96712416	0.25412282	0.003881631	0.3477333	0.09317486	-1.9847394e-05
5.883822206947752e-09	0.96709806	0.2542245	0.0037542612	0.3477333	0.09317486	5.556192e-05
5.898443486652957e-09	0.96704626	0.25442064	0.0038266412	0.3477333	0.09317486	1.832737e-05
5.913065188370801e-09	0.9670723	0.25431886	0.00395743	0.3477333	0.09317486	-5.625905e-05
5.927687412840077e-09	0.9671267	0.2541132	0.0038910564	0.3477333	0.09317486	-1.9688528e-05
5.942309165563264e-09	0.96710265	0.25420663	0.003755902	0.3477333	0.09317486	5.696611e-05
5.956930891935867e-09	0.96704787	0.2544145	0.0038150635	0.3477333	0.09317486	2.1097912e-05
5.972040164911828e-09	0.96707255	0.25431788	0.0039510694	0.3477333	0.09317486	-5.8757018e-05
5.986662038086787e-09	0.9671264	0.2541143	0.0038839618	0.3477333	0.09317486	-1.9508929e-05
6.001283545373975e-09	0.96709985	0.25421724	0.0037542048	0.3477333	0.09317486	5.955713e-05
6.015905132027045e-09	0.96704483	0.25442582	0.0038256363	0.3477333	0.09317486	2.097968e-05
6.030526858899493e-09	0.96707195	0.25432026	0.003961781	0.3477333	0.09317486	-6.0369504e-05
6.045148457105624e-09	0.96712995	0.2541009	0.003889418	0.3477333	0.09317486	-2.2501536e-05
6.06025752629319e-09	0.9671019	0.25421008	0.0037411377	0.3477333	0.09317486	6.234498e-05
6.0748791927876925e-09	0.96704245	0.25443482	0.0038146125	0.3477333	0.09317486	2.0847127e-05
6.0895009935794655e-09	0.9670695	0.25432962	0.00396124	0.3477333	0.09317486	-6.326847e-05
6.104122489209627e-09	0.9671292	0.25410345	0.003894173	0.3477333	0.09317486	-2.2437629e-05
6.118744412388536e-09	0.96710294	0.2542057	0.0037509485	0.3477333	0.09317486	6.421034e-05
6.133365777431725e-09	0.9670432	0.25443166	0.0038202708	0.3477333	0.09317486	2.4089353e-05
6.148474849155675e-09	0.9670727	0.2543172	0.0039653573	0.3477333	0.09317486	-6.6404624e-05
6.1630961088255344e-09	0.96713316	0.25408846	0.0038827555	0.3477333	0.09317486	-2.2364926e-05
6.177718024097369e-09	0.96710175	0.25421038	0.003733213	0.3477333	0.09317486	6.747762e-05
6.1923394655624445e-09	0.9670377	0.2544527	0.0038172551	0.3477333	0.09317486	2.4096533e-05
6.206960715754185e-09	0.96706814	0.25433454	0.003978119	0.3477333	0.09317486	-6.8575835e-05
6.22206963754289e-09	0.9671358	0.25407848	0.0038960595	0.3477333	0.09317486	-2.2280125e-05
6.236691558958979e-09	0.96710455	0.25419965	0.0037346063	0.3477333	0.09317486	7.1034105e-05
6.2513134466310305e-09	0.9670385	0.25444973	0.0038124193	0.3477333	0.09317486	2.4095665e-05
6.2659355086045286e-09	0.96706915	0.25433064	0.0039705606	0.3477333	0.09317486	-7.2294606e-05
6.280557752152087e-09	0.9671356	0.25407958	0.0038890995	0.3477333	0.09317486	-2.598723e-05
6.295179342806446e-09	0.96710306	0.25420514	0.0037294533	0.3477333	0.09317486	7.3592695e-05
6.310288800761749e-09	0.9670337	0.25446808	0.0038256089	0.3477333	0.09317486	2.4077111e-05
6.324910602208409e-09	0.9670705	0.25432542	0.0039917626	0.3477333	0.09317486	-7.637096e-05
6.339532336449322e-09	0.9671421	0.25405446	0.0038926657	0.3477333	0.09317486	-2.6079068e-05
6.354153420296345e-09	0.9671063	0.2541935	0.003712182	0.3477333	0.09317486	7.7861056e-05
6.368775078333827e-09	0.967031	0.25447857	0.003803766	0.3477333	0.09317486	2.8183493e-05
6.3833967141047015e-09	0.9670643	0.254349	0.003990596	0.3477333	0.09317486	-7.940543e-05
6.398505849139882e-09	0.9671416	0.25405633	0.003898804	0.3477333	0.09317486	-2.6183005e-05
6.41312715630291e-09	0.9671054	0.25419703	0.00371994	0.3477333	0.09317486	8.257482e-05
6.42774845156911e-09	0.96703017	0.25448146	0.0038161904	0.3477333	0.09317486	2.8416596e-05
6.442369600066096e-09	0.9670683	0.25433388	0.003997631	0.3477333	0.09317486	-8.4359395e-05
6.456990530556576e-09	0.9671468	0.254037	0.0038922194	0.3477333	0.09317486	-3.0771902e-05
6.471612186388723e-09	0.9671073	0.2541901	0.0036965911	0.3477333	0.09317486	8.62186e-05
6.486720907403274e-09	0.96702236	0.2545114	0.003813331	0.3477333	0.09317486	2.8678085e-05
6.501342566977212e-09	0.96706504	0.25434613	0.0040189736	0.3477333	0.09317486	-8.9882094e-05
6.51596348794828e-09	0.96715117	0.25401998	0.0039093257	0.3477333	0.09317486	-3.1188003e-05
6.530585139796084e-09	0.9671113	0.25417504	0.0036945601	0.3477333	0.09317486	9.2050526e-05
6.5452064091070175e-09	0.96702284	0.2545092	0.0037953528	0.3477333	0.09317486	3.3839475e-05
6.5598279398344195e-09	0.9670617	0.2543587	0.0040098177	0.3477333	0.09317486	-9.432522e-05
6.5749369977423916e-09	0.96715266	0.25401467	0.003897425	0.3477333	0.09317486	-3.164358e-05
6.589558875325114e-09	0.9671073	0.2541903	0.003686549	0.3477333	0.09317486	9.862452e-05
6.6041803160847945e-09	0.9670161	0.25453436	0.0038109564	0.3477333	0.09317486	3.4492397e-05
6.618802325300882e-09	0.9670632	0.2543523	0.004037125	0.3477333	0.09317486	-0.00010130593
6.633424511040789e-09	0.96716046	0.2539843	0.0039100833	0.3477333	0.09317486	-3.7514692e-05
6.648533564544583e-09	0.9671104	0.2541786	0.0036602484	0.3477333	0.09317486	0.000106096755
6.663155291029186e-09	0.9670099	0.25455862	0.003793748	0.3477333	0.09317486	3.5216734e-05
6.6777766618816805e-09	0.9670589	0.25436884	0.004044492	0.3477333	0.09317486	-0.00010927239
6.692398493077264e-09	0.9671626	0.25397626	0.0039200666	0.3477333	0.09317486	-3.8512004e-05
6.707019642679312e-09	0.9671149	0.25416157	0.0036671008	0.3477333	0.09317486	0.000112648035
6.721641303813645e-09	0.9670089	0.2545627	0.0037929357	0.3477333	0.09317486	4.205002e-05
6.7367500319370116e-09	0.9670624	0.25435504	0.004055317	0.3477333	0.09317486	-0.00011845225
6.7513714897361e-09	0.9671707	0.2539455	0.0039044786	0.3477333	0.09317486	-3.967053e-05
6.765992235803948e-09	0.9671133	0.25416815	0.0036361262	0.3477333	0.09317486	0.00012250572
6.780613472353165e-09	0.96699744	0.25460586	0.0037917804	0.3477333	0.09317486	4.3574088e-05
6.795234585980688e-09	0.96705467	0.25438398	0.004082483	0.3477333	0.09317486	-0.00012685946
6.809855260707236e-09	0.9671776	0.2539187	0.003932281	0.3477333	0.09317486	-4.78012e-05
6.824963865698235e-09	0.9671179	0.2541507	0.0036206301	0.3477333	0.09317486	0.00013407419
6.8395851592617234e-09	0.9669922	0.2546257	0.003780373	0.3477333	0.09317486	4.5369696e-05
6.854206001934393e-09	0.9670536	0.25438806	0.0040879096	0.3477333	0.09317486	-0.00013940313
6.868826918063379e-09	0.9671836	0.25389627	0.003925156	0.3477333	0.09317486	-5.0097715e-05
6.883448364308716e-09	0.9671201	0.25414255	0.0036080582	0.3477333	0.09317486	0.00014519953
6.898069522208966e-09	0.9669832	0.25466022	0.0037827892	0.3477333	0.09317486	5.52625e-05
6.91317826209836e-09	0.9670548	0.25438285	0.0041258815	0.3477333	0.09317486	-0.00015447957
6.927799362989724e-09	0.96719843	0.25383967	0.003925555	0.3477333	0.09317486	-5.284924e-05
6.942420664348942e-09	0.96712375	0.2541295	0.003566041	0.3477333	0.09317486	0.00016175305
6.95704135290259e-09	0.96696967	0.25471202	0.0037662543	0.3477333	0.09317486	5.87646e-05
6.9716621623060844e-09	0.96704406	0.2544232	0.004150222	0.3477333	0.09317486	-0.00016978558
6.986770472483266e-09	0.9672093	0.25379798	0.0039375983	0.3477333	0.09317486	-5.6256336e-05
7.001391768710318e-09	0.96712583	0.25412154	0.0035448675	0.3477333	0.09317486	0.0001822515
7.0160128039448174e-09	0.9669574	0.25475833	0.0037701996	0.3477333	0.09317486	6.312976e-05
7.030633864263116e-09	0.96704483	0.25441983	0.004184009	0.3477333	0.09317486	-0.00019268163
7.045255484718202e-09	0.9672249	0.25373816	0.0039419765	0.3477333	0.09317486	-7.087839e-05
7.059876566966956e-09	0.96713287	0.25409558	0.003494051	0.3477333	0.09317486	0.0002044687
7.074985677492734e-09	0.9669346	0.2548448	0.0037694934	0.3477333	0.09317486	6.868607e-05
7.089607023361674e-09	0.9670404	0.2544357	0.004247135	0.3477333	0.09317486	-0.00022228496
7.1042287363219056e-09	0.96724844	0.25364843	0.0039575687	0.3477333	0.09317486	-7.805511e-05
7.1188499784293e-09	0.9671396	0.25407085	0.0034369994	0.3477333	0.09317486	0.0002383526
7.133471700699346e-09	0.9669134	0.25492582	0.0037366129	0.3477333	0.09317486	8.893766e-05
7.1480934768970305e-09	0.96702725	0.25448456	0.0042995517	0.3477333	0.09317486	-0.0002570934
7.1632024805922585e-09	0.96727604	0.25354323	0.003956238	0.3477333	0.09317486	-8.778704e-05
7.177823912725928e-09	0.9671415	0.25406435	0.0033613679	0.3477333	0.09317486	0.00028498625
7.1924459060531645e-09	0.9668771	0.2550635	0.0037420942	0.3477333	0.09317486	0.00010180145
7.207067914332e-09	0.9670231	0.25449917	0.0044038007	0.3477333	0.09317486	-0.00031256105
7.221689285407253e-09	0.9673185	0.25338057	0.0039871624	0.3477333	0.09317486	-0.000118839904
7.236311196700518e-09	0.9671612	0.2539911	0.0032408892	0.3477333	0.09317486	0.00034637933
7.2514201628444074e-09	0.9668228	0.25526926	0.0037294975	0.3477333	0.09317486	0.00012099938
7.266041560303561e-09	0.967013	0.25453448	0.0045476095	0.3477333	0.09317486	-0.00039717235
7.2806627960873505e-09	0.9673829	0.25313407	0.0039984123	0.3477333	0.09317486	-0.00014560777
7.295284338834417e-09	0.9671713	0.2539548	0.0030653197	0.3477333	0.09317486	0.00045410384
7.309905413683047e-09	0.96674234	0.2555743	0.003694063	0.3477333	0.09317486	0.00017816905
7.325014519478722e-09	0.96700627	0.25455514	0.0047877785	0.3477333	0.09317486	-0.00054224924
7.3396360433757305e-09	0.9675	0.2526869	0.003977925	0.3477333	0.09317486	-0.00019338675
7.354257523316563e-09	0.96718067	0.2539229	0.002725092	0.3477333	0.09317486	0.0006555104
7.3688788562711755e-09	0.96657324	0.25621262	0.0037219445	0.3477333	0.09317486	0.00025347612
7.383500098448737e-09	0.96697176	0.25467739	0.005267902	0.3477333	0.09317486	-0.00083089067
7.39812140140238e-09	0.96774614	0.25174302	0.003969613	0.3477333	0.09317486	-0.0003518818
7.413230119969577e-09	0.9671735	0.25395715	0.0019689053	0.3477333	0.09317486	0.0011674638
7.427851191312085e-09	0.966127	0.25788593	0.0039802925	0.3477333	0.09317486	0.00047256183
7.442472594347242e-09	0.96702737	0.25443465	0.0066060238	0.3477333	0.09317486	-0.0018799986
7.457093915090839e-09	0.96868944	0.24810179	0.003072593	0.3477333	0.09317486	-0.00094629475
7.471714772977885e-09	0.9667445	0.2555921	-0.00093681226	0.3477333	0.09317486	0.004915049
7.48633683318297e-09	0.9608658	0.27665496	0.010882173	0.3477333	0.09317486	0.009793268
7.501447304207008e-09	0.9582638	0.28291357	0.040021885	0.3477333	0.09317486	0.0075537045
7.516069839297525e-09	0.96576613	0.25318903	0.0556346	0.3477333	0.09317486	0.00111102
7.530690325018731e-09	0.9768179	0.21150163	0.031617597	0.3477333	0.09317486	-0.002159201
7.545309830679967e-09	0.9787332	0.20398206	-0.019519784	0.3477333	0.09317486	-0.0005566337
7.559930079384726e-09	0.96849865	0.24327323	-0.052263662	0.3477333	0.09317486	0.001252847
7.574553333417926e-09	0.9556889	0.29199606	-0.03578161	0.3477333	0.09317486	0.0003835634
7.589665700523552e-09	0.9520104	0.30539128	0.015797673	0.3477333	0.09317486	-0.00089085096
7.604290126091182e-09	0.959981	0.27445894	0.053831905	0.3477333	0.09317486	-0.00025732903
7.618912321615049e-09	0.9719885	0.22921723	0.049595326	0.3477333	0.09317486	0.0006852705
7.633532273770853e-09	0.97843754	0.20577085	0.008905515	0.3477333	0.09317486	0.00021618568
7.64815228366107e-09	0.9745589	0.22087173	-0.03502534	0.3477333	0.09317486	-0.00055525743
7.662773834225133e-09	0.96366894	0.26243076	-0.047283936	0.3477333	0.09317486	-0.00018891424
7.677885605520424e-09	0.95411783	0.29847348	-0.016110383	0.3477333	0.09317486	0.00047309906
7.692511314784976e-09	0.95428836	0.2965742	0.031382043	0.3477333	0.09317486	0.0001460835
7.707136374728954e-09	0.96415883	0.25853685	0.05565504	0.3477333	0.09317486	-0.00040712795
7.721758816310176e-09	0.9752555	0.21696372	0.036152527	0.3477333	0.09317486	-0.00013436921
7.736379599322123e-09	0.9778447	0.20796488	-0.00983682	0.3477333	0.09317486	0.0003565987
7.751000961006595e-09	0.97020864	0.23750144	-0.042990576	0.3477333	0.09317486	0.00012543451
7.766111818055446e-09	0.9590866	0.27990746	-0.035816472	0.3477333	0.09317486	-0.00032202236
7.78073748684404e-09	0.954068	0.29849768	0.0034190766	0.3477333	0.09317486	-0.00010210489
7.795363755344059e-09	0.9582941	0.28145757	0.0417057	0.3477333	0.09317486	0.00028955098
7.809988057430895e-09	0.968434	0.24282683	0.048686862	0.3477333	0.09317486	9.7539305e-05
7.82461000249303e-09	0.9763395	0.21349254	0.01915051	0.3477333	0.09317486	-0.0002626202
7.839718351115355e-09	0.9751477	0.21861674	-0.023796232	0.3477333	0.09317486	-8.0628524e-05
7.854340431300216e-09	0.9659962	0.25368294	-0.041865017	0.3477333	0.09317486	0.0002440608
7.8689651352565e-09	0.95686924	0.28812107	-0.021782212	0.3477333	0.09317486	7.854703e-05
7.88359137666562e-09	0.95532197	0.2932804	0.018508352	0.3477333	0.09317486	-0.00022464021
7.898217584376155e-09	0.9622169	0.26648626	0.045132514	0.3477333	0.09317486	-7.6609176e-05
7.912841422744168e-09	0.97158825	0.2311636	0.037401468	0.3477333	0.09317486	0.00020783574
7.927950388011584e-09	0.9758795	0.21575998	0.0019674269	0.3477333	0.09317486	6.4468666e-05
7.94257123995163e-09	0.9717004	0.23218903	-0.029848263	0.3477333	0.09317486	-0.00019648667
7.957194200037045e-09	0.96294945	0.26541078	-0.03380737	0.3477333	0.09317486	-6.38511e-05
7.97181948285164e-09	0.9566841	0.288776	-0.0075623393	0.3477333	0.09317486	0.00018348698
7.986445772119438e-09	0.9577914	0.28382975	0.027049748	0.3477333	0.09317486	6.313876e-05
8.001070976888851e-09	0.96528125	0.25496364	0.0418912	0.3477333	0.09317486	-0.00017194216
8.016181314424918e-09	0.97314334	0.22560027	0.024569975	0.3477333	0.09317486	-5.3744832e-05
8.030802016648756e-09	0.9744226	0.22162695	-0.0086547425	0.3477333	0.09317486	0.0001644254
8.045423294396848e-09	0.9686483	0.24390374	-0.03035738	0.3477333	0.09317486	5.3820542e-05
8.060047302910386e-09	0.96096945	0.27279305	-0.023934659	0.3477333	0.09317486	-0.000155063
8.07467268499296e-09	0.95754826	0.2854464	0.0038086057	0.3477333	0.09317486	-5.3751894e-05
8.089299029687226e-09	0.9605249	0.27352992	0.03017581	0.3477333	0.09317486	0.00014660257
8.104410858076109e-09	0.967658	0.24624582	0.034732956	0.3477333	0.09317486	4.612068e-05
8.119032724340461e-09	0.9730845	0.22637543	0.014478346	0.3477333	0.09317486	-0.00014135276
8.133652989944872e-09	0.9725996	0.22890487	-0.013589203	0.3477333	0.09317486	-4.6529454e-05
8.148274974945228e-09	0.9666151	0.2515439	-0.02703124	0.3477333	0.09317486	0.00013425337
8.1628993928512e-09	0.960294	0.2752602	-0.015603213	0.3477333	0.09317486	4.682808e-05
8.17752529878074e-09	0.9586491	0.28121126	0.010455686	0.3477333	0.09317486	-0.00012775444
8.192638003632087e-09	0.9626826	0.26530626	0.03035478	0.3477333	0.09317486	-4.0442894e-05
8.207261509822448e-09	0.96889675	0.24188285	0.028159376	0.3477333	0.09317486	0.00012394562
8.221882664637413e-09	0.97260946	0.22870702	0.007560925	0.3477333	0.09317486	4.0995674e-05
8.236503478329938e-09	0.97094804	0.23532632	-0.015184829	0.3477333	0.09317486	-0.00011836374
8.251126270535563e-09	0.9654017	0.2560782	-0.022808213	0.3477333	0.09317486	-4.1506537e-05
8.265751434241164e-09	0.96042615	0.2748886	-0.009846519	0.3477333	0.09317486	0.00011319085
8.280865479225726e-09	0.9596716	0.2773003	0.014085911	0.3477333	0.09317486	3.6027326e-05
8.29549026738548e-09	0.9637444	0.26134822	0.028964436	0.3477333	0.09317486	-0.00011034998
8.310113291305934e-09	0.9695461	0.23986666	0.024160037	0.3477333	0.09317486	-3.664101e-05
8.32473426114616e-09	0.97234946	0.22997063	0.0037592035	0.3477333	0.09317486	0.000105840314
8.339356274837689e-09	0.96993667	0.23906341	-0.016160278	0.3477333	0.09317486	3.725529e-05
8.353980617787259e-09	0.9645902	0.2592144	-0.020420799	0.3477333	0.09317486	-0.00010161216
8.369094545778087e-09	0.9603213	0.2754222	-0.0055763307	0.3477333	0.09317486	-3.24804e-05
8.3837201279652e-09	0.9602544	0.27507445	0.01611632	0.3477333	0.09317486	9.944132e-05
8.398344241916629e-09	0.96453136	0.25865865	0.028628813	0.3477333	0.09317486	3.3128585e-05
8.412966225425633e-09	0.9701336	0.23811264	0.022138126	0.3477333	0.09317486	-9.571439e-05
8.427587301065758e-09	0.9723954	0.22982778	0.0010845849	0.3477333	0.09317486	-3.3793553e-05
8.442210205928863e-09	0.9694512	0.24083196	-0.0182006	0.3477333	0.09317486	9.217977e-05
8.457322843128234e-09	0.9636204	0.26307964	-0.020030437	0.3477333	0.09317486	2.958784e-05
8.47194918675565e-09	0.95968336	0.2778329	-0.002767577	0.3477333	0.09317486	-9.048975e-05
8.48657432555586e-09	0.9604618	0.27430823	0.01984245	0.3477333	0.09317486	-3.024613e-05
8.501198162050381e-09	0.9656354	0.25488675	0.030354211	0.3477333	0.09317486	8.735483e-05
8.515819526446463e-09	0.97119254	0.23436257	0.020253772	0.3477333	0.09317486	3.0916064e-05
8.530440768175825e-09	0.9726247	0.2289355	-0.0032483756	0.3477333	0.09317486	-8.434971e-05
8.545550937780943e-09	0.96861047	0.24418001	-0.022277638	0.3477333	0.09317486	-2.7180484e-05
8.560176384851274e-09	0.9624076	0.267867	-0.020129655	0.3477333	0.09317486	8.300832e-05
8.57480160605021e-09	0.9587197	0.28142795	0.0014858826	0.3477333	0.09317486	2.785691e-05
8.589425172824708e-09	0.9608015	0.27317265	0.025753971	0.3477333	0.09317486	-8.0322105e-05
8.604046984253728e-09	0.96726406	0.24900506	0.032939803	0.3477333	0.09317486	-2.8534583e-05
8.618667108105358e-09	0.9727425	0.22849406	0.01660645	0.3477333	0.09317486	7.77307e-05
8.633775874293764e-09	0.9726664	0.22884956	-0.011402504	0.3477333	0.09317486	2.5170728e-05
8.648399531505361e-09	0.96715224	0.24997708	-0.026934043	0.3477333	0.09317486	-7.6655335e-05
8.663025190104628e-09	0.96053493	0.27506992	-0.017958594	0.3477333	0.09317486	-2.585685e-05
8.677649972900871e-09	0.95802546	0.28412455	0.009072698	0.3477333	0.09317486	7.432784e-05
8.692273643987983e-09	0.96199214	0.26891413	0.03282656	0.3477333	0.09317486	2.650876e-05
8.706895342995164e-09	0.9694692	0.24076879	0.03352178	0.3477333	0.09317486	-7.2076444e-05
8.722003946308166e-09	0.9743035	0.22258939	0.008518888	0.3477333	0.09317486	-2.3424442e-05
8.736626215851714e-09	0.9720992	0.231181	-0.020685507	0.3477333	0.09317486	7.120996e-05
8.751250612394116e-09	0.96481586	0.25900868	-0.030273989	0.3477333	0.09317486	2.4122666e-05
8.765876146401129e-09	0.9583676	0.28330478	-0.011882832	0.3477333	0.09317486	-6.916576e-05
8.780500581427463e-09	0.95806444	0.2840952	0.01983034	0.3477333	0.09317486	-2.4757808e-05
8.79512316997846e-09	0.9643032	0.2602995	0.03906452	0.3477333	0.09317486	6.718534e-05
8.810231556336105e-09	0.9723169	0.23005767	0.028884724	0.3477333	0.09317486	2.1914813e-05
8.82485279237755e-09	0.9750336	0.22003853	-0.0025272346	0.3477333	0.09317486	-6.64839e-05
8.839475697603165e-09	0.9703252	0.2381564	-0.029496068	0.3477333	0.09317486	-2.2617516e-05
8.85409993726165e-09	0.96193594	0.27005225	-0.029338226	0.3477333	0.09317486	6.4665466e-05
8.868724056919643e-09	0.9567807	0.2893852	-0.0015022106	0.3477333	0.09317486	2.3254517e-05
8.883834380664492e-09	0.95943975	0.27888784	0.032130424	0.3477333	0.09317486	-6.402238e-05
8.898455521125851e-09	0.9677116	0.24735883	0.04151216	0.3477333	0.09317486	-2.0618905e-05
8.91307651838647e-09	0.9747159	0.22109099	0.019641096	0.3477333	0.09317486	6.233739e-05
8.927697674446503e-09	0.9745526	0.22213654	-0.015655443	0.3477333	0.09317486	2.1317495e-05
8.942321094653682e-09	0.967334	0.2497003	-0.035169907	0.3477333	0.09317486	-6.0705723e-05
8.956945370125588e-09	0.9590639	0.2811063	-0.022551162	0.3477333	0.09317486	-2.1945836e-05
8.972056560152214e-09	0.9565263	0.29042903	0.01330069	0.3477333	0.09317486	6.0185495e-05
8.986678790838032e-09	0.96202046	0.26904362	0.040806714	0.3477333	0.09317486	1.9480134e-05
9.001300186205473e-09	0.9710479	0.23478277	0.03786884	0.3477333	0.09317486	-5.867467e-05
9.01592147092767e-09	0.9760487	0.21628828	0.006426639	0.3477333	0.09317486	-2.0156438e-05
9.030543567155649e-09	0.9726536	0.22952798	-0.027485255	0.3477333	0.09317486	5.7202094e-05
9.045167213487087e-09	0.96377563	0.26332736	-0.035374478	0.3477333	0.09317486	2.0782347e-05
9.060278100888924e-09	0.9568098	0.28976512	-0.0094373515	0.3477333	0.09317486	-5.677832e-05
9.074901087843676e-09	0.9577717	0.28561047	0.027091695	0.3477333	0.09317486	-1.847392e-05
9.089522264874012e-09	0.9655728	0.25551856	0.04434602	0.3477333	0.09317486	5.541268e-05
9.104143124009989e-09	0.9739129	0.22418188	0.028095568	0.3477333	0.09317486	1.91348e-05
9.11876374856801e-09	0.97577107	0.21767263	-0.008334915	0.3477333	0.09317486	-5.4073145e-05
9.133385381251217e-09	0.96953756	0.24152969	-0.0347458	0.3477333	0.09317486	-1.9764724e-05
9.148495506944215e-09	0.9602824	0.27677536	-0.028273853	0.3477333	0.09317486	5.3725937e-05
9.16311882995796e-09	0.95621186	0.2920241	0.0052600824	0.3477333	0.09317486	1.759965e-05
9.177740885741848e-09	0.9602922	0.27581647	0.037423074	0.3477333	0.09317486	-5.2485026e-05
9.192361902762444e-09	0.9692446	0.24164152	0.041500296	0.3477333	0.09317486	-1.8234949e-05
9.206982779566045e-09	0.9755821	0.21815084	0.0143182	0.3477333	0.09317486	5.1263287e-05
9.221603726249927e-09	0.97393256	0.22488137	-0.02128984	0.3477333	0.09317486	1.8849747e-05
9.236713391168659e-09	0.96557194	0.25677094	-0.035616633	0.3477333	0.09317486	-5.0982453e-05
9.25133588894498e-09	0.9581041	0.28520474	-0.016286533	0.3477333	0.09317486	-1.6816566e-05
9.265958396353796e-09	0.95726323	0.2878999	0.019325977	0.3477333	0.09317486	4.9846014e-05
9.28057966047717e-09	0.96367544	0.26287696	0.041758556	0.3477333	0.09317486	1.7429078e-05
9.295200641415968e-09	0.97217923	0.23076336	0.032678444	0.3477333	0.09317486	-4.872568e-05
9.310308498445333e-09	0.9755698	0.21851099	-0.0013680928	0.3477333	0.09317486	-1.5493091e-05
9.32492993084868e-09	0.9707996	0.23694058	-0.029825838	0.3477333	0.09317486	4.8500315e-05
9.33955195355255e-09	0.96235114	0.26915336	-0.029926877	0.3477333	0.09317486	1.6113212e-05
9.354174443868524e-09	0.9573022	0.28820008	-0.0022466667	0.3477333	0.09317486	-4.7454025e-05
9.368796529716764e-09	0.95955014	0.2789955	0.029687135	0.3477333	0.09317486	-1.6703276e-05
9.383417354512596e-09	0.9671406	0.24979356	0.039706625	0.3477333	0.09317486	4.6422272e-05
9.398524821663496e-09	0.9739681	0.22433648	0.019216469	0.3477333	0.09317486	1.4871833e-05
9.41314552246621e-09	0.9739725	0.22486188	-0.013194205	0.3477333	0.09317486	-4.624415e-05
9.42776658540942e-09	0.9675883	0.24933133	-0.030960921	0.3477333	0.09317486	-1.5480835e-05
9.442388359579956e-09	0.96027976	0.27711043	-0.019821396	0.3477333	0.09317486	4.5274424e-05
9.457010606991405e-09	0.95798343	0.28545055	0.010336642	0.3477333	0.09317486	1.6055885e-05
9.471632305261921e-09	0.9623917	0.26806727	0.034287784	0.3477333	0.09317486	-4.43207e-05
9.486740753301645e-09	0.97003	0.23900835	0.03216471	0.3477333	0.09317486	-1.4307271e-05
9.50136114537428e-09	0.9740976	0.2241361	0.006685781	0.3477333	0.09317486	4.4185705e-05
9.515981905644002e-09	0.9715695	0.23422171	-0.020226704	0.3477333	0.09317486	1.4900225e-05
9.530602794305563e-09	0.9648207	0.25997102	-0.026684834	0.3477333	0.09317486	-4.328384e-05
9.54522471318268e-09	0.95952106	0.279957	-0.008310648	0.3477333	0.09317486	-1.5463846e-05
9.559846769639667e-09	0.95976216	0.27857295	0.01906737	0.3477333	0.09317486	4.2397223e-05
9.574955688013669e-09	0.9653313	0.25692675	0.03324114	0.3477333	0.09317486	1.3794972e-05
9.589577053259466e-09	0.9713663	0.23420139	0.022554124	0.3477333	0.09317486	-4.2300446e-05
9.604197711686892e-09	0.97307426	0.2283221	-0.0027885435	0.3477333	0.09317486	-1.4365818e-05
9.618818849757587e-09	0.96915716	0.2435568	-0.021831814	0.3477333	0.09317486	4.14605e-05
9.633439984404817e-09	0.9630662	0.26661733	-0.01945028	0.3477333	0.09317486	1.4915339e-05
9.648062035817046e-09	0.959871	0.27852622	0.0013815168	0.3477333	0.09317486	-4.0632058e-05
9.663171251390425e-09	0.96198535	0.27003843	0.023547327	0.3477333	0.09317486	-1.3321441e-05
9.677792925587897e-09	0.9672948	0.24957441	0.028254261	0.3477333	0.09317486	4.0566967e-05
9.69241318691408e-09	0.97157973	0.23369925	0.013592309	0.3477333	0.09317486	1.3875576e-05
9.707033633787226e-09	0.97151166	0.23456523	-0.008021829	0.3477333	0.09317486	-3.978017e-05
9.721654273148331e-09	0.9672656	0.2508041	-0.019350925	0.3477333	0.09317486	-1.4414264e-05
9.73676306230701e-09	0.9623322	0.26934278	-0.011438673	0.3477333	0.09317486	3.9704886e-05
9.751385024928253e-09	0.9609297	0.27446797	0.008048748	0.3477333	0.09317486	1.2892321e-05
9.766006814326841e-09	0.9636654	0.26362523	0.023205763	0.3477333	0.09317486	-3.8964925e-05
9.780627745657055e-09	0.96826154	0.24605098	0.022555364	0.3477333	0.09317486	-1.3426812e-05
9.795248043609606e-09	0.9711568	0.23563491	0.0075270156	0.3477333	0.09317486	3.8227696e-05
9.809868471853645e-09	0.97010905	0.24007393	-0.009525619	0.3477333	0.09317486	1.3951586e-05
9.82497635446376e-09	0.96598965	0.2555719	-0.015381344	0.3477333	0.09317486	-3.8176455e-05
9.83959719282097e-09	0.9625055	0.26869744	-0.005941874	0.3477333	0.09317486	-1.250185e-05
9.854218824946055e-09	0.9620286	0.27031583	0.01034946	0.3477333	0.09317486	3.7479687e-05
9.86884045790637e-09	0.9646491	0.2598913	0.020983137	0.3477333	0.09317486	1.3018597e-05
9.883461187023963e-09	0.9684882	0.24544267	0.018315872	0.3477333	0.09317486	-3.6787686e-05
9.89808135448452e-09	0.970618	0.23798965	0.004811484	0.3477333	0.09317486	-1.3527862e-05
9.91318870391981e-09	0.9691887	0.24355727	-0.009317233	0.3477333	0.09317486	3.67579e-05
9.927809950343549e-09	0.9656099	0.25695714	-0.012510918	0.3477333	0.09317486	1.2137262e-05
9.942431752460204e-09	0.9628011	0.26766226	-0.0033688706	0.3477333	0.09317486	-3.6102258e-05
9.95705381945033e-09	0.9625942	0.26813802	0.010769779	0.3477333	0.09317486	-1.2637012e-05
9.971675747031551e-09	0.96506107	0.25838998	0.01944796	0.3477333	0.09317486	3.5451765e-05
9.986296359621992e-09	0.9685643	0.24548568	0.016474811	0.3477333	0.09317486	1.3126032e-05
1.0001404410963089e-08	0.9703869	0.23903924	0.0035467779	0.3477333	0.09317486	-3.5442867e-05
1.0016024955731768e-08	0.9689237	0.2444703	-0.008972724	0.3477333	0.09317486	-1.1789621e-05
1.0030646480550198e-08	0.9655386	0.2573071	-0.01186685	0.3477333	0.09317486	3.482256e-05
1.004526840149582e-08	0.96275187	0.26793414	-0.002843403	0.3477333	0.09317486	1.2277198e-05
1.0059890806472277e-08	0.9625284	0.26831555	0.011395427	0.3477333	0.09317486	-3.420804e-05
1.007499965023895e-08	0.9653913	0.25731564	0.02024132	0.3477333	0.09317486	-1.0964892e-05
1.0089620658631782e-08	0.96909624	0.2437567	0.0162305	0.3477333	0.09317486	3.4217563e-05
1.0104241310818081e-08	0.9706537	0.23801053	0.0024673622	0.3477333	0.09317486	1.1460488e-05
1.0118862853248209e-08	0.9688697	0.24466555	-0.010698569	0.3477333	0.09317486	-3.36306e-05
1.0133484688278758e-08	0.96516067	0.2589178	-0.012994402	0.3477333	0.09317486	-1.1935259e-05
1.0148107306559119e-08	0.9621611	0.27018952	-0.0021706107	0.3477333	0.09317486	3.304855e-05
1.0163217515692549e-08	0.9623148	0.26910406	0.014437001	0.3477333	0.09317486	1.0665201e-05
1.0177839652689744e-08	0.96590495	0.2556045	0.022873439	0.3477333	0.09317486	-3.3075703e-05
1.0192460812411934e-08	0.9700432	0.24026549	0.01632315	0.3477333	0.09317486	-1.114176e-05
1.0207081829336566e-08	0.9712488	0.23568854	-0.00068707176	0.3477333	0.09317486	3.2519034e-05
1.0221703456767832e-08	0.9685763	0.24590166	-0.014736476	0.3477333	0.09317486	1.1606798e-05
1.0236325265930435e-08	0.96408564	0.2631484	-0.014329879	0.3477333	0.09317486	-3.1965243e-05
1.0251434945884367e-08	0.9611241	0.27406165	0.0014241587	0.3477333	0.09317486	-1.0386123e-05
1.026605678527096e-08	0.9624238	0.26878554	0.019573921	0.3477333	0.09317486	3.2004224e-05
1.028067859021608e-08	0.9671091	0.25121823	0.025754504	0.3477333	0.09317486	1.0849001e-05
1.0295299675193874e-08	0.9713688	0.23524255	0.014155394	0.3477333	0.09317486	-3.1475953e-05
1.030992104240792e-08	0.97163564	0.23425747	-0.0065536154	0.3477333	0.09317486	-1.1302798e-05
1.0324542970311272e-08	0.96761495	0.24974105	-0.019547895	0.3477333	0.09317486	3.094894e-05
1.03396529610068e-08	0.96227396	0.27007842	-0.013180127	0.3477333	0.09317486	1.012233e-05
1.0354275856493507e-08	0.96025085	0.2773311	0.0076650963	0.3477333	0.09317486	-3.100074e-05
1.0368898708024303e-08	0.9632843	0.26561776	0.026125753	0.3477333	0.09317486	-1.0566451e-05
1.0383520616199353e-08	0.96902925	0.24400014	0.026752317	0.3477333	0.09317486	3.0499894e-05
1.0398141647098971e-08	0.9727129	0.23017561	0.008350984	0.3477333	0.09317486	1.1007435e-05
1.0413250507711488e-08	0.9711264	0.23635648	-0.015024535	0.3477333	0.09317486	-3.0535066e-05
1.0427872532672178e-08	0.96558	0.2576571	-0.02267366	0.3477333	0.09317486	-9.869302e-06
1.0442494951960979e-08	0.9604996	0.2768287	-0.008526066	0.3477333	0.09317486	3.0057156e-05
1.045711720701276e-08	0.96012133	0.27780348	0.01641214	0.3477333	0.09317486	1.03058355e-05
1.0471739357345319e-08	0.9650411	0.2589857	0.031642213	0.3477333	0.09317486	-2.9579067e-05
1.0486361080908729e-08	0.9712614	0.23556559	0.024007633	0.3477333	0.09317486	-1.073311e-05
1.0501470024388286e-08	0.9734757	0.22738366	-0.0016331942	0.3477333	0.09317486	2.9624842e-05
1.0516091567989425e-08	0.96966815	0.24207753	-0.022608096	0.3477333	0.09317486	9.632684e-06
1.0530714015653619e-08	0.9631386	0.2670547	-0.021953078	0.3477333	0.09317486	-2.9168194e-05
1.0545336656312913e-08	0.9591797	0.28182158	0.00016317624	0.3477333	0.09317486	-1.0057295e-05
1.0559958875631274e-08	0.9611178	0.27397704	0.02579182	0.3477333	0.09317486	2.8711911e-05
1.0574580768752694e-08	0.9675676	0.2494297	0.033662256	0.3477333	0.09317486	1.0473671e-05
1.058968978939366e-08	0.9733121	0.2279126	0.015865624	0.3477333	0.09317486	-2.8766583e-05
1.060431067823477e-08	0.973098	0.22897467	-0.012166804	0.3477333	0.09317486	-9.409213e-06
1.061893188992651e-08	0.96731687	0.2511788	-0.027247727	0.3477333	0.09317486	2.8328057e-05
1.0633554013158873e-08	0.96076465	0.27614143	-0.016534181	0.3477333	0.09317486	9.828965e-06
1.0648175982904753e-08	0.95881695	0.2830859	0.011299775	0.3477333	0.09317486	-2.7890554e-05
1.066279807917911e-08	0.96318865	0.26602408	0.033188213	0.3477333	0.09317486	-1.0235664e-05
1.0677906956762277e-08	0.97057647	0.23811194	0.030270915	0.3477333	0.09317486	2.795327e-05
1.0692527910151285e-08	0.97430974	0.22430325	0.004925988	0.3477333	0.09317486	9.203596e-06
1.0707148188460156e-08	0.9714747	0.23532163	-0.021508751	0.3477333	0.09317486	-2.7532325e-05
1.0721769254024824e-08	0.9645123	0.26201442	-0.027012706	0.3477333	0.09317486	-9.619244e-06
1.0736390762752237e-08	0.9591273	0.28236464	-0.0068928655	0.3477333	0.09317486	2.7111308e-05
1.0751012260283972e-08	0.9597149	0.27949074	0.022264652	0.3477333	0.09317486	1.0019498e-05
1.0766121680997407e-08	0.9662156	0.2545073	0.036220495	0.3477333	0.09317486	-2.7181375e-05
1.078074333377076e-08	0.9728468	0.2296593	0.022375602	0.3477333	0.09317486	-9.014186e-06
1.0795364645181042e-08	0.9740668	0.22538507	-0.0069419113	0.3477333	0.09317486	2.6779107e-05
1.080998539213202e-08	0.96894515	0.2451064	-0.027208237	0.3477333	0.09317486	9.418076e-06
1.0824606745789163e-08	0.96188456	0.27212656	-0.021617688	0.3477333	0.09317486	-2.6374386e-05
1.0839716321325448e-08	0.958611	0.28416243	0.005991006	0.3477333	0.09317486	-8.431251e-06
1.0854338883297408e-08	0.9619739	0.27073455	0.031034268	0.3477333	0.09317486	2.6452091e-05
1.0868960956312996e-08	0.9691126	0.24363339	0.03348641	0.3477333	0.09317486	8.828452e-06
1.0883582560635296e-08	0.97403234	0.2253714	0.011368637	0.3477333	0.09317486	-2.6066335e-05
1.0898203007520001e-08	0.97258496	0.23118198	-0.016881658	0.3477333	0.09317486	-9.223195e-06
1.0912823397761384e-08	0.96613103	0.25598612	-0.027735973	0.3477333	0.09317486	2.5676003e-05
1.0927931927867571e-08	0.95994407	0.2794817	-0.011488899	0.3477333	0.09317486	8.269506e-06
1.0942554473836085e-08	0.9593893	0.28094715	0.01708965	0.3477333	0.09317486	-2.5758533e-05
1.095717653930146e-08	0.96469426	0.26035044	0.034344785	0.3477333	0.09317486	-8.657715e-06
1.0971798459309886e-08	0.97144437	0.23497124	0.026237234	0.3477333	0.09317486	2.5387699e-05
1.0986419448350218e-08	0.97395283	0.22587109	-0.00016336558	0.3477333	0.09317486	9.04128e-06
1.1001039588131487e-08	0.97026974	0.24018002	-0.022837749	0.3477333	0.09317486	-2.5012161e-05
1.1016147671603024e-08	0.96342367	0.26642042	-0.022809442	0.3477333	0.09317486	-8.115446e-06
1.1030769068773332e-08	0.95938253	0.28146085	-0.0005453466	0.3477333	0.09317486	2.509854e-05
1.1045392004134386e-08	0.96116626	0.2739997	0.024898374	0.3477333	0.09317486	8.4957255e-06
1.1060014401174051e-08	0.9673359	0.2504035	0.032623585	0.3477333	0.09317486	-2.4742532e-05
1.107463606599868e-08	0.97271216	0.23035634	0.01660971	0.3477333	0.09317486	-8.867817e-06
1.1089256919437454e-08	0.97281826	0.23036362	-0.00950951	0.3477333	0.09317486	2.438185e-05
1.1104364788529303e-08	0.96756667	0.25064328	-0.024162564	0.3477333	0.09317486	7.965253e-06
1.1118985896059941e-08	0.96174544	0.27277648	-0.014863092	0.3477333	0.09317486	-2.4472443e-05
1.1133608472938591e-08	0.9599068	0.27924433	0.009310073	0.3477333	0.09317486	-8.338935e-06
1.1148231528247124e-08	0.9634261	0.26535615	0.028352255	0.3477333	0.09317486	2.4129444e-05
1.1162853663815373e-08	0.9693745	0.24283047	0.027060246	0.3477333	0.09317486	8.700142e-06
1.1177474580120175e-08	0.9728423	0.2300808	0.007034101	0.3477333	0.09317486	-2.3781919e-05
1.119258151441546e-08	0.970932	0.23775372	-0.015560003	0.3477333	0.09317486	-7.823192e-06
1.120720126114564e-08	0.9655033	0.25857684	-0.02101875	0.3477333	0.09317486	2.3874723e-05
1.1221822027841323e-08	0.9610712	0.27519014	-0.0062584598	0.3477333	0.09317486	8.196909e-06
1.1236444700083965e-08	0.9611397	0.2743825	0.01609925	0.3477333	0.09317486	-2.3541628e-05
1.1251067273932851e-08	0.9655121	0.2574622	0.027817136	0.3477333	0.09317486	-8.550268e-06
1.1266176851888355e-08	0.9706704	0.238102	0.019390373	0.3477333	0.09317486	2.3626892e-05
1.1280797772633387e-08	0.9721476	0.23296948	-0.0011667205	0.3477333	0.09317486	7.688886e-06
1.12954185020069e-08	0.96909815	0.24489325	-0.016978996	0.3477333	0.09317486	-2.3306176e-05
1.1310039224549542e-08	0.96414286	0.26371405	-0.015692376	0.3477333	0.09317486	-8.052388e-06
1.1324661559804113e-08	0.9612591	0.2743293	0.0009963945	0.3477333	0.09317486	2.2983944e-05
1.1339284811266173e-08	0.9626091	0.26873	0.01930359	0.3477333	0.09317486	8.397636e-06
1.1354394803957868e-08	0.9671662	0.25126848	0.024604417	0.3477333	0.09317486	-2.3073953e-05
1.1369015963924646e-08	0.9709821	0.23713233	0.012910433	0.3477333	0.09317486	-7.5559205e-06
1.1383636255017592e-08	0.9711427	0.23700464	-0.005480958	0.3477333	0.09317486	2.2763725e-05
1.139825655381008e-08	0.9676569	0.2504128	-0.015826775	0.3477333	0.09317486	7.914041e-06
1.1412877531240536e-08	0.9634731	0.26615724	-0.010388963	0.3477333	0.09317486	-2.2450493e-05
1.1427500802765815e-08	0.96185553	0.27197114	0.005854901	0.3477333	0.09317486	-8.255497e-06
1.1442612050972691e-08	0.9639837	0.26348433	0.020165665	0.3477333	0.09317486	2.2545075e-05
1.1457235193724902e-08	0.96801645	0.24818248	0.020814182	0.3477333	0.09317486	7.4263576e-06
1.1471856428774603e-08	0.97084385	0.2379172	0.00834252	0.3477333	0.09317486	-2.224718e-05
1.148647705563817e-08	0.9702379	0.2405762	-0.0072597484	0.3477333	0.09317486	-7.77428e-06
1.1501097780564566e-08	0.96676326	0.25375473	-0.013833692	0.3477333	0.09317486	2.1944019e-05
1.151571952408732e-08	0.9632703	0.26686472	-0.0065686023	0.3477333	0.09317486	8.113193e-06
1.153083027406934e-08	0.9624184	0.26976034	0.008968786	0.3477333	0.09317486	-2.2039943e-05
1.154545419154223e-08	0.96479166	0.26042497	0.019718377	0.3477333	0.09317486	-7.302952e-06
1.1560076916216034e-08	0.9685127	0.24650325	0.018088534	0.3477333	0.09317486	2.1753218e-05
1.1574697936372608e-08	0.9706952	0.23870534	0.005602601	0.3477333	0.09317486	7.63966e-06
1.1589318706262241e-08	0.9696234	0.24292505	-0.008069701	0.3477333	0.09317486	-2.1459848e-05
1.1604427468248376e-08	0.96610844	0.25619775	-0.012406158	0.3477333	0.09317486	-6.852148e-06
1.1619050350865972e-08	0.9630852	0.267555	-0.003910637	0.3477333	0.09317486	2.1557706e-05
1.1633674158214428e-08	0.9626753	0.26872796	0.010530163	0.3477333	0.09317486	7.1825607e-06
1.1648297899756898e-08	0.9652786	0.25864878	0.0198614	0.3477333	0.09317486	-2.1280548e-05
1.1662919926993467e-08	0.9689855	0.24494472	0.016838837	0.3477333	0.09317486	-7.5082066e-06
1.1677541125375444e-08	0.9708022	0.2383977	0.003664626	0.3477333	0.09317486	2.0997242e-05
1.1692649305084697e-08	0.9691824	0.24455929	-0.00981036	0.3477333	0.09317486	6.738845e-06
1.170727212466677e-08	0.9655776	0.25824162	-0.012295936	0.3477333	0.09317486	-2.1096826e-05
1.172189610776809e-08	0.9626967	0.2690154	-0.0022574184	0.3477333	0.09317486	-7.0627266e-06
1.1736520428799859e-08	0.9627153	0.2685368	0.012763486	0.3477333	0.09317486	2.0828651e-05
1.1751144029037929e-08	0.9658356	0.2566966	0.021198202	0.3477333	0.09317486	7.377511e-06
1.1765765500970547e-08	0.9696991	0.24242195	0.01612998	0.3477333	0.09317486	-2.0555251e-05
1.1780873570853179e-08	0.9711091	0.23723221	0.0005058011	0.3477333	0.09317486	-6.6247903e-06
1.1795494808541708e-08	0.96882486	0.24592778	-0.012545471	0.3477333	0.09317486	2.0655447e-05
1.1810117516211741e-08	0.96473193	0.26150894	-0.012835479	0.3477333	0.09317486	6.9489597e-06
1.1824740979766203e-08	0.96196675	0.27172494	0.00025223373	0.3477333	0.09317486	-2.0393618e-05
1.1839364796139684e-08	0.9628145	0.26817837	0.016650952	0.3477333	0.09317486	-7.25933e-06
1.1853987072986345e-08	0.9668083	0.25318608	0.02328564	0.3477333	0.09317486	2.0128899e-05
1.1869095554739821e-08	0.97083855	0.23818423	0.013881209	0.3477333	0.09317486	6.520288e-06
1.1883715926510918e-08	0.9713556	0.23630325	-0.0039980733	0.3477333	0.09317486	-2.0230644e-05
1.1898337638778209e-08	0.9680566	0.24893439	-0.016149655	0.3477333	0.09317486	-6.842494e-06
1.1912960527001119e-08	0.9634599	0.2663648	-0.012404519	0.3477333	0.09317486	1.9975141e-05
1.1927584316801111e-08	0.96121335	0.27452192	0.004805727	0.3477333	0.09317486	7.148475e-06
1.1942208055317993e-08	0.9633514	0.26621622	0.021866858	0.3477333	0.09317486	-1.971894e-05
1.1957317183489076e-08	0.9684605	0.24703759	0.024436984	0.3477333	0.09317486	-6.420657e-06
1.1971937655854732e-08	0.9720076	0.23376435	0.009679945	0.3477333	0.09317486	1.9822945e-05
1.1986558355994038e-08	0.9711886	0.2370102	-0.010360237	0.3477333	0.09317486	6.7389356e-06
1.2001180643379443e-08	0.9666216	0.25448784	-0.019281315	0.3477333	0.09317486	-1.9573394e-05
1.201580359028628e-08	0.9619044	0.2722513	-0.009400077	0.3477333	0.09317486	-7.0424353e-06
1.203042818797547e-08	0.96089536	0.2757113	0.01173591	0.3477333	0.09317486	1.9324218e-05
1.2045538677534115e-08	0.964811	0.26076332	0.027238254	0.3477333	0.09317486	6.3251528e-06
1.206016057167538e-08	0.9703105	0.2400714	0.023049623	0.3477333	0.09317486	-1.943176e-05
1.2074781308064674e-08	0.97285944	0.23058565	0.0027130898	0.3477333	0.09317486	-6.634734e-06
1.208940281724637e-08	0.97027546	0.24059336	-0.017241884	0.3477333	0.09317486	1.9188488e-05
1.2104025857795368e-08	0.9646147	0.26216584	-0.020115126	0.3477333	0.09317486	6.9343287e-06
1.2118649658603427e-08	0.9604888	0.27757892	-0.0031167523	0.3477333	0.09317486	-1.8945497e-05
1.2133760894032872e-08	0.96148825	0.2734454	0.020683529	0.3477333	0.09317486	-6.2317827e-06
1.214838330950659e-08	0.96686757	0.25300103	0.030194484	0.3477333	0.09317486	1.9055238e-05
1.2163004523145583e-08	0.97215915	0.23312458	0.017968625	0.3477333	0.09317486	6.5339227e-06
1.2177625219690743e-08	0.9729331	0.23043372	-0.0062970435	0.3477333	0.09317486	-1.8818195e-05
1.2192246981113032e-08	0.96848375	0.2475196	-0.022600824	0.3477333	0.09317486	-6.8325517e-06
1.2207357318487544e-08	0.9622611	0.27111986	-0.016582245	0.3477333	0.09317486	1.8915905e-05
1.2221981071781373e-08	0.9597656	0.2802567	0.0067997635	0.3477333	0.09317486	6.14598e-06
1.2236603779189827e-08	0.9629655	0.2677997	0.028101526	0.3477333	0.09317486	-1.869116e-05
1.2251225573890311e-08	0.96931195	0.24375863	0.029457808	0.3477333	0.09317486	-6.4411342e-06
1.226584604250765e-08	0.9734956	0.22816615	0.009432548	0.3477333	0.09317486	1.8460441e-05
1.2280466625284535e-08	0.97197855	0.23420256	-0.015488748	0.3477333	0.09317486	6.737408e-06
1.2295575802480285e-08	0.9658138	0.2577541	-0.024424762	0.3477333	0.09317486	-1.8558077e-05
1.2310199305707253e-08	0.9604621	0.27794603	-0.009254414	0.3477333	0.09317486	-6.0671355e-06
1.2324822805460159e-08	0.9601677	0.27865	0.01694859	0.3477333	0.09317486	1.8339373e-05
1.2339445354680703e-08	0.96526897	0.2590266	0.032488346	0.3477333	0.09317486	6.354181e-06
1.2354066272514633e-08	0.971611	0.23513368	0.024284005	0.3477333	0.09317486	-1.8115212e-05
1.2368686228696253e-08	0.973839	0.22701693	-0.001064787	0.3477333	0.09317486	-6.6457646e-06
1.238379426172074e-08	0.969851	0.2424103	-0.02286508	0.3477333	0.09317486	1.8213075e-05
1.2398416376062177e-08	0.9632643	0.2674902	-0.021538386	0.3477333	0.09317486	5.9933564e-06
1.2413039584085468e-08	0.9595017	0.28151792	0.00092076464	0.3477333	0.09317486	-1.7998673e-05
1.2427662432365791e-08	0.9616469	0.27291146	0.025800077	0.3477333	0.09317486	-6.275487e-06
1.2442284595191832e-08	0.96797824	0.24877295	0.032440852	0.3477333	0.09317486	1.7780934e-05
1.2456905290629695e-08	0.97323346	0.2291449	0.015335712	0.3477333	0.09317486	6.5583813e-06
1.2472013055736555e-08	0.9728771	0.23084696	-0.012095923	0.3477333	0.09317486	-1.7880438e-05
1.2486633778954087e-08	0.96728235	0.25228	-0.025392918	0.3477333	0.09317486	-5.9215286e-06
1.250125606363578e-08	0.9612343	0.275215	-0.01436585	0.3477333	0.09317486	1.7669705e-05
1.2515879419401792e-08	0.9596835	0.28068328	0.011733051	0.3477333	0.09317486	6.199702e-06
1.2530502379674912e-08	0.9639234	0.2641731	0.031151555	0.3477333	0.09317486	-1.7457938e-05
1.254512429990527e-08	0.97046584	0.23943733	0.027793141	0.3477333	0.09317486	-6.4741257e-06
1.2560232282422927e-08	0.97380346	0.22717205	0.0036811891	0.3477333	0.09317486	1.7559583e-05
1.2574852976270135e-08	0.9709798	0.23819461	-0.019544667	0.3477333	0.09317486	5.8488235e-06
1.2589474577759052e-08	0.9646783	0.2622538	-0.023161966	0.3477333	0.09317486	-1.7353343e-05
1.2604097723020059e-08	0.9601276	0.27934656	-0.004448796	0.3477333	0.09317486	-6.1240808e-06
1.2618720969513172e-08	0.96097887	0.2756052	0.020853175	0.3477333	0.09317486	1.7146527e-05
1.2633830950877515e-08	0.9667482	0.25346285	0.031793915	0.3477333	0.09317486	5.4963148e-06
1.2648451931184534e-08	0.9723076	0.23263755	0.018870547	0.3477333	0.09317486	-1.7249904e-05
1.2663072571575926e-08	0.97312164	0.22993529	-0.0063014445	0.3477333	0.09317486	-5.777852e-06
1.2677692974755433e-08	0.96860266	0.24734485	-0.022733675	0.3477333	0.09317486	1.7047612e-05
1.2692314939132517e-08	0.962625	0.27006078	-0.016967362	0.3477333	0.09317486	6.052974e-06
1.2706938185356433e-08	0.96009594	0.2793032	0.0057957745	0.3477333	0.09317486	-1.6844691e-05
1.2722048386957005e-08	0.963172	0.26715243	0.026889462	0.3477333	0.09317486	-5.436174e-06
1.2736669673409296e-08	0.96907836	0.24472372	0.027836941	0.3477333	0.09317486	1.6949461e-05
1.2751289926128496e-08	0.97291094	0.23054838	0.009141104	0.3477333	0.09317486	5.7132797e-06
1.276590997591108e-08	0.9715551	0.23605743	-0.013485519	0.3477333	0.09317486	-1.675118e-05
1.2780530723526586e-08	0.96628046	0.25625172	-0.021441387	0.3477333	0.09317486	-5.9867643e-06
1.279515302607354e-08	0.96149004	0.27429482	-0.008556586	0.3477333	0.09317486	1.6551287e-05
1.2810263345713238e-08	0.96111196	0.27526575	0.014819067	0.3477333	0.09317486	5.3824433e-06
1.2824886132928096e-08	0.9653913	0.25871158	0.027965605	0.3477333	0.09317486	-1.6658145e-05
1.2839507131185357e-08	0.9706503	0.23890914	0.021120222	0.3477333	0.09317486	-5.651081e-06
1.285412760221388e-08	0.9725387	0.23215169	0.00041532776	0.3477333	0.09317486	1.6464823e-05
1.2868747727888656e-08	0.96961975	0.24354403	-0.01688449	0.3477333	0.09317486	5.9205668e-06
1.2883369199266703e-08	0.9644605	0.26316127	-0.016841993	0.3477333	0.09317486	-1.626826e-05
1.2898479595638756e-08	0.96126574	0.27500048	0.00059977453	0.3477333	0.09317486	-5.3281683e-06
1.2913103439897751e-08	0.9626851	0.2691988	0.019729892	0.3477333	0.09317486	1.637673e-05
1.2927726322104746e-08	0.9672928	0.2515642	0.025456157	0.3477333	0.09317486	5.587424e-06
1.2942347582520439e-08	0.97131234	0.23658727	0.013626135	0.3477333	0.09317486	-1.6189102e-05
1.2956968511376319e-08	0.9715004	0.23628135	-0.005693241	0.3477333	0.09317486	-5.849983e-06
1.2971589515564063e-08	0.96782035	0.2504422	-0.016693814	0.3477333	0.09317486	1.5996911e-05
1.298669943876546e-08	0.9632888	0.26751867	-0.010349512	0.3477333	0.09317486	5.2693945e-06
1.3001323150565732e-08	0.96183616	0.2727122	0.007168642	0.3477333	0.09317486	-1.6105643e-05
1.3015947255647937e-08	0.9643041	0.26302037	0.021318138	0.3477333	0.09317486	-5.5227997e-06
1.3030569528487322e-08	0.9685886	0.24676287	0.021031305	0.3477333	0.09317486	1.59233e-05
1.3045190844373045e-08	0.97125053	0.23703277	0.007160267	0.3477333	0.09317486	5.779006e-06
1.3060298890244116e-08	0.97013074	0.24163367	-0.009200153	0.3477333	0.09317486	-1.6019841e-05
1.3074920551292362e-08	0.9663265	0.2560893	-0.0140771195	0.3477333	0.09317486	-5.2103023e-06
1.3089543289650574e-08	0.96300524	0.26850444	-0.00463496	0.3477333	0.09317486	1.5843298e-05
1.3104167127085435e-08	0.9627335	0.26923716	0.011099766	0.3477333	0.09317486	5.4619823e-06
1.3118790393327797e-08	0.9655821	0.25818586	0.02051302	0.3477333	0.09317486	-1.5665157e-05
1.3133411876507635e-08	0.9692463	0.2444253	0.016503084	0.3477333	0.09317486	-5.7124025e-06
1.3148519635458678e-08	0.97081447	0.23889308	0.0022565017	0.3477333	0.09317486	1.5762305e-05
1.3163140565636173e-08	0.9690104	0.245928	-0.009852241	0.3477333	0.09317486	5.1548755e-06
1.3177762705783651e-08	0.9655163	0.25909632	-0.010835584	0.3477333	0.09317486	-1.5588643e-05
1.3192385887481694e-08	0.9631371	0.2679518	-0.00043024114	0.3477333	0.09317486	-5.404873e-06
1.3207009470603409e-08	0.9635837	0.26597816	0.012872595	0.3477333	0.09317486	1.5413894e-05
1.3221631875847722e-08	0.96642643	0.25505066	0.018787187	0.3477333	0.09317486	5.6495273e-06
1.3236740213214264e-08	0.96955884	0.24345046	0.012665017	0.3477333	0.09317486	-1.5512549e-05
1.325136031747249e-08	0.97031987	0.24089126	-0.00010928726	0.3477333	0.09317486	-5.1015654e-06
1.3265981394420731e-08	0.96825206	0.24876653	-0.009512984	0.3477333	0.09317486	1.5341318e-05
1.328060346460605e-08	0.96509975	0.26063436	-0.0083654	0.3477333	0.09317486	5.3514154e-06
1.329522694744699e-08	0.96331084	0.2672646	0.0021364205	0.3477333	0.09317486	-1.5169289e-05
1.330985040507835e-08	0.9641525	0.26380414	0.0136979	0.3477333	0.09317486	-5.5909136e-06
1.3324960049220984e-08	0.9670878	0.2526736	0.017450856	0.3477333	0.09317486	1.526992e-05
1.3339580757608952e-08	0.96969855	0.24309848	0.010450798	0.3477333	0.09317486	5.0487324e-06
1.3354201374629495e-08	0.96998876	0.24217547	-0.0015912548	0.3477333	0.09317486	-1.5102097e-05
1.336882299487325e-08	0.9677648	0.25057593	-0.009409836	0.3477333	0.09317486	-5.296409e-06
1.3383445822894951e-08	0.9647949	0.26179814	-0.0069699944	0.3477333	0.09317486	1.4932759e-05
1.3398069613725186e-08	0.96331406	0.26722664	0.0038628906	0.3477333	0.09317486	5.532954e-06
1.3413179874359128e-08	0.96456146	0.2622728	0.015003564	0.3477333	0.09317486	-1.50344695e-05
1.3427801450700698e-08	0.96759236	0.25091606	0.01712277	0.3477333	0.09317486	-4.997052e-06
1.3442421807177768e-08	0.97000164	0.24204049	0.00887102	0.3477333	0.09317486	1.4870173e-05
1.3457042703215497e-08	0.9698501	0.24267575	-0.003438612	0.3477333	0.09317486	5.242733e-06
1.3471664511594909e-08	0.967295	0.25236952	-0.010213283	0.3477333	0.09317486	-1.4703053e-05
1.3486775361901533e-08	0.96422386	0.26397893	-0.0057361745	0.3477333	0.09317486	-4.7094572e-06
1.350139852706994e-08	0.9631556	0.2678001	0.0064503048	0.3477333	0.09317486	1.4805288e-05
1.3516020634327138e-08	0.96493644	0.2609339	0.01690656	0.3477333	0.09317486	4.9492487e-06
1.353064162395372e-08	0.96827877	0.24843773	0.01723873	0.3477333	0.09317486	-1.4644654e-05
1.3545262085456761e-08	0.97047746	0.24024843	0.006805524	0.3477333	0.09317486	-5.1911143e-06
1.3559883519136504e-08	0.96972275	0.24315633	-0.006325492	0.3477333	0.09317486	1.4480159e-05
1.3574993447694447e-08	0.96647686	0.25552267	-0.011565633	0.3477333	0.09317486	4.668138e-06
1.3589616196039224e-08	0.9634617	0.26686603	-0.004143144	0.3477333	0.09317486	-1.4582189e-05
1.3604238684667152e-08	0.96301824	0.26832956	0.0099392785	0.3477333	0.09317486	-4.904567e-06
1.3618860338169205e-08	0.9656284	0.25840712	0.019511344	0.3477333	0.09317486	1.4424999e-05
1.3633480593436245e-08	0.9692604	0.24477153	0.016652225	0.3477333	0.09317486	5.142303e-06
1.3648101107299207e-08	0.9709563	0.2384368	0.0032408033	0.3477333	0.09317486	-1.4262812e-05
1.3663209738942686e-08	0.9691872	0.24524428	-0.01041151	0.3477333	0.09317486	-4.6307537e-06
1.367783252343376e-08	0.9654049	0.2596351	-0.012255591	0.3477333	0.09317486	1.4364722e-05
1.369245507024428e-08	0.9626254	0.2700295	-0.0009158997	0.3477333	0.09317486	4.8636816e-06
1.370707716811923e-08	0.9631908	0.2677059	0.01467526	0.3477333	0.09317486	-1.4210535e-05
1.37216983015704e-08	0.9667543	0.25418797	0.021774592	0.3477333	0.09317486	-5.0960657e-06
1.373631841549971e-08	0.97042304	0.24037479	0.014270765	0.3477333	0.09317486	1.40514e-05
1.3751426446299518e-08	0.97112435	0.23785262	-0.0025744007	0.3477333	0.09317486	4.593771e-06
1.3766048009633198e-08	0.9681929	0.24909548	-0.014058361	0.3477333	0.09317486	-1.415289e-05
1.3780670443056275e-08	0.96404386	0.26482728	-0.011036677	0.3477333	0.09317486	-4.8254474e-06
1.3795293058481148e-08	0.9620527	0.27220902	0.0043643704	0.3477333	0.09317486	1.4001523e-05
1.3809915066098903e-08	0.9639373	0.26489505	0.019720087	0.3477333	0.09317486	5.0525055e-06
1.382453557834296e-08	0.9682507	0.24852033	0.022267662	0.3477333	0.09317486	-1.3845744e-05
1.3839643303757604e-08	0.97149354	0.23635454	0.008950815	0.3477333	0.09317486	-4.5575734e-06
1.3854263961799923e-08	0.97072965	0.23943491	-0.008680135	0.3477333	0.09317486	1.39470985e-05
1.386888596746482e-08	0.96668625	0.25487512	-0.016200764	0.3477333	0.09317486	4.7880244e-06
1.3883508167461242e-08	0.96269107	0.269977	-0.0071830726	0.3477333	0.09317486	-1.3797812e-05
1.3898129699476029e-08	0.96204156	0.27224696	0.011112864	0.3477333	0.09317486	-5.0132503e-06
1.3913237657190837e-08	0.96547055	0.25905803	0.023811037	0.3477333	0.09317486	1.38915575e-05
1.3927857772070042e-08	0.9700119	0.24186641	0.019521894	0.3477333	0.09317486	4.5258785e-06
1.394247779389091e-08	0.97195303	0.23470607	0.0021328647	0.3477333	0.09317486	-1.3745828e-05
1.3957098817812804e-08	0.9696228	0.24372791	-0.014078482	0.3477333	0.09317486	-4.755508e-06
1.3971720878113348e-08	0.9649269	0.2616011	-0.015552454	0.3477333	0.09317486	1.3598342e-05
1.3986342774676491e-08	0.9617612	0.27350986	-0.0008782405	0.3477333	0.09317486	4.9772893e-06
1.4001451699119824e-08	0.962861	0.26907626	0.018348083	0.3477333	0.09317486	-1.3693463e-05
1.4016072525235472e-08	0.96729356	0.25211078	0.024984648	0.3477333	0.09317486	-4.4946037e-06
1.4030692955265864e-08	0.9713613	0.23681703	0.014082285	0.3477333	0.09317486	1.3550568e-05
1.4045313058095027e-08	0.9716493	0.23597501	-0.005379025	0.3477333	0.09317486	4.721838e-06
1.405993428127843e-08	0.9679162	0.25028586	-0.017244391	0.3477333	0.09317486	-1.3404505e-05
1.4074556184342582e-08	0.96329	0.2678567	-0.01163004	0.3477333	0.09317486	-4.9417877e-06
1.408966533923826e-08	0.96159345	0.27410647	0.0075004008	0.3477333	0.09317486	1.3500408e-05
1.4104286114172021e-08	0.9643213	0.2634585	0.02315618	0.3477333	0.09317486	4.4658127e-06
1.4118906951025538e-08	0.9691485	0.24509302	0.022799296	0.3477333	0.09317486	-1.3359874e-05
1.4133527566298815e-08	0.97205013	0.23431893	0.0066820397	0.3477333	0.09317486	-4.6886585e-06
1.4148148551987532e-08	0.9705668	0.24018475	-0.0117729725	0.3477333	0.09317486	1.3216176e-05
1.4162770415862396e-08	0.96598494	0.25768	-0.01716832	0.3477333	0.09317486	4.9060436e-06
1.4177879780251487e-08	0.96208984	0.27241164	-0.004482535	0.3477333	0.09317486	-1.3312744e-05
1.419250184644343e-08	0.96228087	0.27140465	0.014839455	0.3477333	0.09317486	-4.4347225e-06
1.4207123044000108e-08	0.9662059	0.2562553	0.024913998	0.3477333	0.09317486	1.3175136e-05
1.4221744152923271e-08	0.97063476	0.23954417	0.017512895	0.3477333	0.09317486	4.6534146e-06
1.4236364934039205e-08	0.97187495	0.23512042	-0.001123402	0.3477333	0.09317486	-1.3033775e-05
1.4251473970882224e-08	0.96876377	0.24712643	-0.015723608	0.3477333	0.09317486	-4.1871162e-06
1.426609554275012e-08	0.96414423	0.26471445	-0.013349561	0.3477333	0.09317486	1.3130503e-05
1.4280717654250913e-08	0.9618065	0.2734287	0.0032059914	0.3477333	0.09317486	4.4043154e-06
1.4295338873327356e-08	0.96362215	0.26620278	0.020047063	0.3477333	0.09317486	-1.2995005e-05
1.4309959953906968e-08	0.9680641	0.24921255	0.02326955	0.3477333	0.09317486	-4.62015e-06
1.4324580946716499e-08	0.97142863	0.2366567	0.010446307	0.3477333	0.09317486	1.2855845e-05
1.4339689366790397e-08	0.9708422	0.23917088	-0.008077395	0.3477333	0.09317486	4.1608732e-06
1.4354310905258376e-08	0.96692896	0.25416857	-0.01584573	0.3477333	0.09317486	-1.2952709e-05
1.4368932689220438e-08	0.96305037	0.26886535	-0.007301035	0.3477333	0.09317486	-4.3757336e-06
1.438355533388454e-08	0.9623395	0.27130508	0.010180865	0.3477333	0.09317486	1.2819729e-05
1.4398177183759034e-08	0.96530294	0.25975928	0.022094322	0.3477333	0.09317486	4.5857673e-06
1.44127990735426e-08	0.9694796	0.24391861	0.018816447	0.3477333	0.09317486	-1.268345e-05
1.4427907939460567e-08	0.97140163	0.23690665	0.0027730886	0.3477333	0.09317486	-4.130918e-06
1.4442529737427563e-08	0.96940815	0.24471717	-0.011633503	0.3477333	0.09317486	1.27809335e-05
1.4457151398978515e-08	0.96538264	0.26007336	-0.012984966	0.3477333	0.09317486	4.342862e-06
1.4471774038913545e-08	0.96268845	0.27017382	-0.00057658076	0.3477333	0.09317486	-1.26498935e-05
1.4486396118474537e-08	0.96343946	0.2670278	0.015013202	0.3477333	0.09317486	-4.5499423e-06
1.4501017390962293e-08	0.9669096	0.2536606	0.021041065	0.3477333	0.09317486	1.25154465e-05
1.4516126104343884e-08	0.9702998	0.24093342	0.012514337	0.3477333	0.09317486	4.102255e-06
1.453074710606957e-08	0.97066194	0.2398536	-0.00269089	0.3477333	0.09317486	-1.2612768e-05
1.454536838032621e-08	0.9679224	0.25043496	-0.012111568	0.3477333	0.09317486	-4.3131167e-06
1.4559989803110122e-08	0.96441853	0.26371527	-0.008313471	0.3477333	0.09317486	1.2482876e-05
1.4574611991491951e-08	0.9630083	0.26887032	0.0051507326	0.3477333	0.09317486	4.519059e-06
1.4589720800881817e-08	0.9648278	0.26168698	0.017270243	0.3477333	0.09317486	-1.2573332e-05
1.4604341984390722e-08	0.9681854	0.24886794	0.017658642	0.3477333	0.09317486	-4.0773434e-06
1.4618962636205245e-08	0.97034615	0.24089086	0.006983968	0.3477333	0.09317486	1.24479e-05
1.4633583898439696e-08	0.9696212	0.24392323	-0.0057296217	0.3477333	0.09317486	4.2860265e-06
1.4648204923548317e-08	0.96672237	0.25501215	-0.010253522	0.3477333	0.09317486	-1.231962e-05
1.4662826227251966e-08	0.9640778	0.26495212	-0.0033873187	0.3477333	0.09317486	-4.4910603e-06
1.467793541182789e-08	0.9637863	0.2658426	0.009256658	0.3477333	0.09317486	1.2410334e-05
1.4692557318186567e-08	0.96595615	0.25739184	0.016688807	0.3477333	0.09317486	4.053746e-06
1.4707178451278014e-08	0.96874636	0.24682844	0.013674167	0.3477333	0.09317486	-1.2287134e-05
1.4721799352371915e-08	0.9699452	0.24255331	0.0030687028	0.3477333	0.09317486	-4.259662e-06
1.4736420271134014e-08	0.9686474	0.24768858	-0.006426777	0.3477333	0.09317486	1.2160387e-05
1.4751041303892819e-08	0.9660047	0.2577022	-0.007400119	0.3477333	0.09317486	4.462632e-06
1.4766150430695642e-08	0.96416825	0.26454774	0.000786045	0.3477333	0.09317486	-1.2251399e-05
1.4780772133869159e-08	0.9645851	0.26277137	0.010752061	0.3477333	0.09317486	-4.031376e-06
1.4795393391619889e-08	0.9667023	0.25458026	0.014871629	0.3477333	0.09317486	1.21298135e-05
1.481001408346821e-08	0.968858	0.246525	0.010343368	0.3477333	0.09317486	4.2348465e-06
1.4824634954591791e-08	0.96940565	0.24472196	0.0010623387	0.3477333	0.09317486	-1.2004624e-05
1.4839255644986779e-08	0.96796215	0.25029513	-0.0056745694	0.3477333	0.09317486	-4.435805e-06
1.485436445220568e-08	0.96567976	0.25888842	-0.004673314	0.3477333	0.09317486	1.20958e-05
1.4868985531825165e-08	0.9644896	0.26330265	0.0028748175	0.3477333	0.09317486	4.011346e-06
1.4883607516387972e-08	0.96512944	0.26068267	0.010820169	0.3477333	0.09317486	-1.1975833e-05
1.4898229253451975e-08	0.96705025	0.2533101	0.013163887	0.3477333	0.09317486	-4.210043e-06
1.491285062739383e-08	0.96879315	0.24689986	0.008408935	0.3477333	0.09317486	1.1852959e-05
1.4927472188389925e-08	0.9690207	0.2462435	0.00039644426	0.3477333	0.09317486	4.406817e-06
1.494258095720263e-08	0.96754247	0.25185093	-0.00484466	0.3477333	0.09317486	-1.19448505e-05
1.4957203315101707e-08	0.9656513	0.258984	-0.003200083	0.3477333	0.09317486	-3.986197e-06
1.4971825524829235e-08	0.9647088	0.26246336	0.0036786466	0.3477333	0.09317486	1.1827112e-05
