# Frequency = 1.0887023527218708E10
# xIndex	yIndex	zIndex	AbsFmx	AbsFmy	AbsFmz	ArgFmx	ArgFmy	ArgFmz
3	25	0	0.5860555136277886	5.9403652366632365	6.257243961272326	1.2968941128635343	-1.8782873608317658	-0.3058287680863121
3	26	0	0.522359174425632	5.954321334518466	6.302043011351544	1.3011629069106565	-1.8787261321667628	-0.305813987410204
3	27	0	0.4524877137011791	5.98335717869525	6.308376278569426	1.3072351848507924	-1.8788254704600793	-0.3056562377293395
3	28	0	0.39079387424298667	6.021614511607764	6.275485864241841	1.3134029613754856	-1.8792010849699479	-0.30564683730239933
4	8	0	0.04854099314898267	0.5197886933075755	0.5199275394065496	2.5747259345514544	-0.571336122639941	1.007254961389837
4	9	0	0.04587412437226411	0.5220226714362235	0.5214085142636412	2.5763080764608857	-0.5696280058580855	1.0070787036147848
4	16	0	0.09249757422359874	1.1651982497627014	1.3424522669962944	-2.4545434228457705	0.690737631681337	2.3263294174099087
4	17	0	0.08243151223170161	1.1596802868684646	1.341245123391438	-2.4582846228561066	0.6880093620979022	2.3269010531371075
4	18	0	0.07169418650418734	1.152732944050513	1.3399830230052612	-2.4632222888337645	0.6844779189959115	2.3275823366386463
4	24	0	0.651900523664634	6.293132819654773	6.506053864978712	1.2961425740824846	-1.8777201359083573	-0.305814615998276
4	25	0	0.5850797318876889	6.140036581240491	6.453838708925209	1.2987966029925546	-1.8783275932744667	-0.30588775507483984
4	26	0	0.5329183962676243	6.101880060692368	6.431012206299205	1.3023787694521145	-1.8781842642769702	-0.3056686212880275
4	27	0	0.4960024474041754	6.112306115760641	6.425915271288867	1.3042987648306388	-1.8791197218812445	-0.3057783203858276
4	28	0	0.45938400045626965	6.1795793986726855	6.444763362078879	1.3082379475469466	-1.878858474431687	-0.30555478548875703
4	29	0	0.44724897616772247	6.356045805842759	6.4905259935375765	1.3095432311947461	-1.8792170223756035	-0.3056056846474957
5	7	0	0.055360326727435016	0.5607643394156285	0.557610505109591	2.575554623717327	-0.5715785333143821	1.007963609914077
5	8	0	0.05128330621870089	0.5520583211458446	0.5486807188345719	2.577666503602011	-0.5689919185037042	1.0080094954009402
5	9	0	0.04917638173065218	0.5578109411274806	0.5520677529853383	2.581592358121984	-0.5647339573593337	1.0066629322136236
5	10	0	0.046784205401583595	0.5789557287239477	0.5674705206719911	2.5888274458347422	-0.557156232690204	1.006385015081209
5	11	0	0.042722293896847466	0.5928548900580759	0.5701353216515792	2.593394220815495	-0.5522214616753504	1.0051124058529588
5	15	0	0.1145926592678959	1.272088678799707	1.4383557704216126	-2.4505177136769367	0.693569723396135	2.3248119412336847
5	16	0	0.10090836326642817	1.231030220137977	1.4052246128697712	-2.4534605269482386	0.6914411806458997	2.3255840434900223
5	17	0	0.09117368584356692	1.2093881559044277	1.3945422250614508	-2.4586910509059594	0.6871755770713179	2.3265094066092455
5	18	0	0.08210946039261345	1.1986675057669351	1.3951266393194832	-2.464490472303934	0.6823376897630051	2.3272001528251556
5	19	0	0.07521666482278505	1.210725111597744	1.4156050432750074	-2.4714039586390273	0.6765613201631775	2.327770814366647
5	24	0	0.5969794595235344	6.361810034960483	6.6023618651687555	1.3000036013875627	-1.8778007891279673	-0.30582173605497487
5	25	0	0.5590487826510772	6.234175152213374	6.54003751162797	1.3020291343854302	-1.8777013954468442	-0.30568376342218534
5	26	0	0.5391023116787012	6.1737567847108785	6.490142040870455	1.3018231713799842	-1.878757539450851	-0.3058780760842663
5	27	0	0.5284987333458546	6.168053650785672	6.476440844466672	1.3031267048283008	-1.8782546312502035	-0.30557991674636364
5	28	0	0.5249592465508756	6.217748425516711	6.498756358181328	1.3025924929309163	-1.8791959323428473	-0.30576856049956536
5	29	0	0.5285965855676383	6.346449047794637	6.546218112009108	1.3031295167822536	-1.878922691534423	-0.3056169313426022
6	6	0	0.056652712132470154	0.5979245437510694	0.577688987671668	2.574970619604925	-0.5731732922205413	1.0086475784673767
6	7	0	0.05261762394892571	0.5787603297727955	0.5699144229836199	2.5768127699795285	-0.5708447927136743	1.008852549583294
6	8	0	0.05067579723328874	0.5728398751330821	0.5653951427369409	2.5799758837428612	-0.5672675181080415	1.0074385732681161
6	9	0	0.04994609353494016	0.5752301714856867	0.5662928524083126	2.5858810287366847	-0.5609006454472625	1.00796760184454
6	10	0	0.04942365867076002	0.5855839900172899	0.5745717941547763	2.592298594069146	-0.55411441394423	1.00594234621633
6	11	0	0.047538625655625506	0.5956609965812273	0.5797851315996518	2.598161488571664	-0.5479399088859139	1.0053790470446677
6	14	0	0.13033737259498063	1.389086206633465	1.5015414727710155	-2.4486935442343696	0.6948712546675169	2.3237180056262856
6	15	0	0.11554891754311307	1.3166386989464318	1.4676617318559861	-2.4498870184530266	0.6942575625261365	2.3242964564156603
6	16	0	0.10530279734086316	1.2696855313804103	1.43862076928366	-2.4533216887205236	0.6914957440732731	2.325273352412532
6	17	0	0.09862794887585143	1.240524200679388	1.4208799616365477	-2.4572594420130396	0.6878981219283833	2.3259088687841443
6	18	0	0.09361801348488259	1.223231912530576	1.4228637009066265	-2.464018858747494	0.681754790360725	2.3268240157971207
6	19	0	0.08924750240998436	1.2211367013749401	1.4341065208778767	-2.4696096114324817	0.6765668904058414	2.3273346363177825
6	24	0	0.5326053306790658	6.409983439463086	6.631050469448001	1.3050180326345449	-1.8775618775839784	-0.3057001020225825
6	25	0	0.5322214811847703	6.26100754870488	6.558201106570008	1.3035566821053832	-1.8782272211373463	-0.3058236974307323
6	26	0	0.5389950534948356	6.184664418790997	6.500617925807376	1.3029457053151263	-1.8778467370737137	-0.3056113477387922
6	27	0	0.5527968331061744	6.161639413410645	6.476317566078448	1.3004806774933724	-1.8789417293492445	-0.30589194162731326
6	28	0	0.5760391419332821	6.195399541556344	6.491144804880669	1.2996588176784298	-1.8784363345377788	-0.3056737296293056
6	29	0	0.6167520464723775	6.302838520738083	6.528056917289934	1.2970053607831762	-1.878939645431117	-0.30578149852207287
7	6	0	0.05117345589172052	0.6048895956172307	0.5848599162341804	2.575808345787249	-0.5726409342473606	1.0092287412975793
7	7	0	0.04919882597662355	0.5907555872583182	0.5795153953245775	2.5778045571630406	-0.5703435716481738	1.0084470245863288
7	8	0	0.04891475092700982	0.5848402534704084	0.5752698396631798	2.582417313924424	-0.5653061066562346	1.0091871572453608
7	9	0	0.04960391959196864	0.5868595422457505	0.5772461043001589	2.588068281481201	-0.5593527913449156	1.0071638212795058
7	10	0	0.05044951887613684	0.5920163785493656	0.5815572988316254	2.595819057882136	-0.5512297927641089	1.0072467244152128
7	11	0	0.05139617818480789	0.5986025219624348	0.5873393444718326	2.602201430436632	-0.5446434873242119	1.0053845091902633
7	14	0	0.12312703296029429	1.3970306725083685	1.506028500725073	-2.4485263627043836	0.6955463022243392	2.3237401113062544
7	15	0	0.11343222145732802	1.333618212642883	1.4804025277084258	-2.4496319543552105	0.6948525973490862	2.3243928548443753
7	16	0	0.1078763448590265	1.288840847435008	1.4510660839495757	-2.4512715138414274	0.6932873597586492	2.3249063068553744
7	17	0	0.10461614448924521	1.2558617633993368	1.4358563697335927	-2.4560270556927577	0.6887609980197422	2.3258929242867734
7	18	0	0.10374675643857093	1.239990115640773	1.4342127999949739	-2.4609979447479127	0.6836585399317546	2.326355969808267
7	19	0	0.1064621616210959	1.2458313702632122	1.451853712617267	-2.468236301828706	0.6763596410459682	2.326898318485117
7	20	0	0.11892559991998342	1.3140789393225325	1.4886684677352215	-2.476197838405803	0.6678390282777503	2.326753718542168
7	24	0	0.47071354701426016	6.422171913730312	6.580494605297401	1.3095765252509686	-1.877720330436518	-0.3057222058395796
7	25	0	0.48860079004267476	6.224079919250295	6.508665163109541	1.3071350360496385	-1.877764607392687	-0.3056518030428567
7	26	0	0.5278505496169139	6.13151357877051	6.457430720373262	1.302511589202283	-1.878528279833405	-0.30585308013558243
7	27	0	0.5671510916010082	6.094688157799289	6.427630201338202	1.2998759450922401	-1.8781507468469185	-0.30572047182322365
7	28	0	0.6214700133590607	6.107756880897276	6.418193434814893	1.2958062724850266	-1.8788041991760303	-0.3059153772847
7	29	0	0.6883191799037032	6.238197029202817	6.4422343361143	1.2929209439562042	-1.8786517625512091	-0.3058073566720058
8	6	0	0.04504770799082425	0.6095121862658507	0.5859819955312153	2.5764599944824047	-0.5724323336745413	1.0093094384165937
8	7	0	0.0444718939144737	0.5954579080141519	0.5837892437027176	2.5790328520441856	-0.5694702317145344	1.0097155004694696
8	8	0	0.04643765772038112	0.5923252516675723	0.5835097070941077	2.582981431399875	-0.5652833097469969	1.0085054537125662
8	9	0	0.04868087350342372	0.5926368374259824	0.5841413675793758	2.5892670906793773	-0.5586848019878794	1.0088328682177865
8	10	0	0.05076267394412127	0.59582792138889	0.587709266260704	2.596012759422445	-0.551741137684451	1.0069343128429464
8	11	0	0.054665921158597364	0.603537142365175	0.5922646111361856	2.603587298551366	-0.5438915988705237	1.0060357769740331
8	14	0	0.11488893796000127	1.4040881640532286	1.5069289975041835	-2.4482070254328447	0.6965202054084733	2.323899661427122
8	15	0	0.1079087238627517	1.3377115242702509	1.4805103078714565	-2.4481481138673717	0.6967307498251523	2.324427289455706
8	16	0	0.10775515774841114	1.292130626828716	1.4558032412679152	-2.4499008121776096	0.6948087297283413	2.3252650592264104
8	17	0	0.10812733175784883	1.2558383439837935	1.4323500462529326	-2.452192756087168	0.6920743472792438	2.325807208559484
8	18	0	0.11132502604618319	1.2383309675522816	1.4336367366716538	-2.4570551321181555	0.6869571942000511	2.32651956333751
8	19	0	0.11784035440370388	1.2314249349800648	1.4376831924135114	-2.460620138988068	0.6829019208100744	2.326874151161144
8	25	0	0.43450620894067543	6.059631389908018	6.3321037423092	1.309697674186364	-1.87815763757384	-0.3057764218991105
8	26	0	0.4967723496117896	6.003065252181673	6.342028444092448	1.304037300517883	-1.8781621359409855	-0.30575859532684685
8	27	0	0.5677493528043117	5.951210258368269	6.306647696230191	1.2981404000022827	-1.8785230241221824	-0.3058921560843529
8	28	0	0.6326674902253234	5.919287276556651	6.2393266275710895	1.2939408993587702	-1.8784493570918246	-0.3058829795209781
9	7	0	0.038041495502257196	0.5935050283658853	0.5839389853593498	2.580188945284485	-0.5687561311827336	1.009660816696632
9	8	0	0.04320200959143384	0.5950647490914113	0.5880273342052076	2.583452592752877	-0.5651754402067007	1.009560126518731
9	9	0	0.04847078459283833	0.5955985032130259	0.5898582205430339	2.5881795207128264	-0.5601703682102676	1.008543303088802
9	10	0	0.051688892691132006	0.5908555624033669	0.5881149564818065	2.5928747151628713	-0.5552524297882822	1.0080404592059455
9	15	0	0.09562107837586745	1.3137423227869027	1.4614491813381947	-2.4476823409494335	0.6981109753436995	2.324970676284764
9	16	0	0.10329842031690473	1.283901633043623	1.448417433230373	-2.447855353713952	0.6970480855603308	2.32541021569504
9	17	0	0.10748756658769293	1.2312529638064698	1.4094897499520107	-2.4495157799997362	0.6946574782552356	2.3263613965262935
9	18	0	0.1186800327849304	1.2280144038453542	1.4215007733217224	-2.4529449310842253	0.6904075214575673	2.326540785090012
9	19	0	0.13031282645361647	1.219158931860062	1.4122672817416484	-2.4558184115059096	0.6868797310507009	2.3269139066207334
10	17	0	0.09547111505291708	1.1435490608735714	1.3168357977264797	-2.446358105595489	0.6978850982750252	2.3271750478218283
