# Frequency = 1.041948263954674E10
# xIndex	yIndex	zIndex	AbsFmx	AbsFmy	AbsFmz	ArgFmx	ArgFmy	ArgFmz
3	25	0	0.1138945958008426	1.1514566197819447	1.0628259026840101	-2.0747290977685844	1.0327009074809501	2.503266441787738
3	26	0	0.10076768872711722	1.145055713625111	1.0721174268574183	-2.0740938000481393	1.0283387656211445	2.5046276860980208
3	27	0	0.08642988409301836	1.1387558053133757	1.0748257563561856	-2.073545543948083	1.0222413895246867	2.505077637527722
3	28	0	0.07422980847386616	1.1389371575154421	1.070475069200721	-2.0700955801853302	1.018773199945861	2.5062407736467853
4	8	0	0.768182942180931	8.383900158119394	8.91062018881785	-1.5082621538436762	1.6274765943329619	-3.0957324993291837
4	9	0	0.7250323953415059	8.418680497494112	8.937681559435106	-1.5081668765746552	1.6273270264234534	-3.0956543730888972
4	16	0	0.4661351483774418	5.890407076909414	6.020406036796088	-1.6041868828693762	1.5316104339977628	3.085821380783352
4	17	0	0.41642078957567824	5.879271366824292	6.013992360067046	-1.6043707654378045	1.5310397827675106	3.085992217262702
4	18	0	0.36338070340215595	5.868014823517576	6.002291342599636	-1.604455059495687	1.5304341508515795	3.0861457314703644
4	24	0	0.12946234617850594	1.2467854911291165	1.1027666608132487	-2.0648412640066054	1.044645282744491	2.5027086955311413
4	25	0	0.11488454334017988	1.2022515058694205	1.0959335704884738	-2.067488141841752	1.0384159593572901	2.5041721564938193
4	26	0	0.10313652991192528	1.1773942510000606	1.0940386786346035	-2.0719454814194718	1.0299423228824043	2.5039058684427147
4	27	0	0.09508181683761595	1.167953645337635	1.0951611146368347	-2.0737774298057667	1.0248257562304985	2.506450418249556
4	28	0	0.08709680126903856	1.1677912051376136	1.0997502637458136	-2.0762162037642673	1.0181317048081906	2.506066485907678
4	29	0	0.08437780403896931	1.1953785162942543	1.10882898516452	-2.076804559710122	1.0156057245402141	2.507585544960026
5	7	0	0.8760770816184019	9.04599789956178	9.536491983144705	-1.5080945103785395	1.6276491646856481	-3.0956932295936057
5	8	0	0.8109181150914002	8.90632888204694	9.395258083821993	-1.5081324998676027	1.6274377447164725	-3.0956381719199593
5	9	0	0.7758210242843205	8.987731105683322	9.443714336272794	-1.5083471521883622	1.6270918760974207	-3.0955088024163655
5	10	0	0.7360583370575607	9.323940388172426	9.704759553584653	-1.5084877072338168	1.6266423443664653	-3.0952848314486627
5	11	0	0.6698537032552028	9.539088088252555	9.742680826760184	-1.508450718081589	1.6263036835524771	-3.0951192072694154
5	15	0	0.5777131470730931	6.431050898712858	6.453526285457543	-1.6025553296633213	1.5332062521912984	3.085686415346241
5	16	0	0.5090295064396625	6.227936080833828	6.307032404666266	-1.6032705685066018	1.5322850697872752	3.0858200429450453
5	17	0	0.4614697542274698	6.142564647674862	6.249284181189994	-1.6041689849169376	1.531232593618291	3.0859471213044247
5	18	0	0.41794948507543517	6.123566852014484	6.252639601552875	-1.6044827730118243	1.5305191085883165	3.0861307382802536
5	19	0	0.38550066555224854	6.231902275611347	6.335140357506467	-1.60460170393105	1.5298960444285188	3.0862309768856955
5	24	0	0.11934333845650041	1.268182894601433	1.1190047354334594	-2.058052570345728	1.0479235120520154	2.5032831040966914
5	25	0	0.11031629655391198	1.226560427808057	1.1105327827875033	-2.0629121918099163	1.0406564889395558	2.5032459896182386
5	26	0	0.10513219788425768	1.2004224700233819	1.1045047338348335	-2.0676160503235526	1.0346127825181362	2.506112972961425
5	27	0	0.10133183020118865	1.1795552443858148	1.1038894608939498	-2.075832728312638	1.0248248865243799	2.5049344047702506
5	28	0	0.09983418287553414	1.1794733430391655	1.1093791316589734	-2.0791546090545605	1.0207188380733394	2.5075800054593684
5	29	0	0.09971789525170369	1.1945749556308813	1.1184466657367442	-2.083201944625105	1.0160369754256133	2.507250012651803
6	6	0	0.8955798193619692	9.647081206780475	9.862607040357414	-1.5080473021357517	1.627706777533407	-3.095523984441094
6	7	0	0.8312638603686626	9.33953692577514	9.742886003983342	-1.507904029038893	1.6275684780155013	-3.0955408987234807
6	8	0	0.7992351444177368	9.231988128945105	9.659026294376376	-1.5081218352740922	1.6272860009962051	-3.0955007029747525
6	9	0	0.787725916856852	9.273753066805337	9.688043883446666	-1.5084189247264774	1.6269785383932582	-3.095416570093939
6	10	0	0.7775994030383905	9.424833603772521	9.813531759787047	-1.5087597885994808	1.6265657842341426	-3.095288528801221
6	11	0	0.7467910641698873	9.585192914753058	9.906612675727285	-1.5088474538618206	1.6262659727089899	-3.095171293012969
6	14	0	0.6589883462075509	7.0435479795138995	6.7355304019451	-1.601033053883291	1.5347802027222703	3.0856520046211693
6	15	0	0.5829650778184735	6.660855847455724	6.5882316471091675	-1.6017111673300035	1.5338088491739337	3.085728406721269
6	16	0	0.5313988972987749	6.426938465616746	6.44931585750205	-1.6028981711117756	1.5325507856520029	3.085789619158559
6	17	0	0.49947098744623153	6.299076965269429	6.37626921246052	-1.6036634962894385	1.5316628232074776	3.0859064233129287
6	18	0	0.47719898818033407	6.2545731497915895	6.370490016040749	-1.60463893687004	1.5306175238131496	3.085955231661792
6	19	0	0.4581222604933269	6.2870909522506695	6.420752427256402	-1.604851869780382	1.5301212632577088	3.086056186567704
6	24	0	0.1069732962589877	1.2832441780797283	1.123844803378051	-2.0517251711765194	1.0499692341786628	2.503009304842128
6	25	0	0.10572863061713886	1.2399457378902468	1.1138916882338654	-2.0575178529829543	1.044423123316448	2.5050392382972597
6	26	0	0.10512357444047436	1.203082885632844	1.1063241440824247	-2.0676973698166607	1.034343849514324	2.5042503975448263
6	27	0	0.10658300738791855	1.1852179796551854	1.1043097810655023	-2.0742801045048713	1.0286288282836067	2.507204314161367
6	28	0	0.10946320740175255	1.1751623644424802	1.1081641603469239	-2.083203005283752	1.02036176113999	2.5061368809383726
6	29	0	0.11653237329450529	1.1891493171055996	1.1155848422805212	-2.0879379231733	1.0175943400913345	2.507771902710121
7	6	0	0.8068272912695112	9.76032913063739	9.984148131349764	-1.507779334516979	1.6275461770852602	-3.095354510102325
7	7	0	0.774819841532436	9.524871322342532	9.890485963542966	-1.5078527123229997	1.6273691387715896	-3.0953469371484212
7	8	0	0.7708328280004894	9.433831470297664	9.833540310077266	-1.5081000961691826	1.6271645090394562	-3.0953452246321276
7	9	0	0.7805533771337346	9.449758694443263	9.852449653897317	-1.5084790625251083	1.6268448737596426	-3.095326931705784
7	10	0	0.7940378808102341	9.534375662682386	9.937728366661277	-1.5088006237015683	1.6265442584277132	-3.0952830215014075
7	11	0	0.8080689951062159	9.629590951506634	10.027521923206988	-1.509099616975133	1.6262509877756008	-3.095230891479587
7	14	0	0.6215881250199284	7.073824440616919	6.755662554875517	-1.6008279625206134	1.5347295258925084	3.085714435509339
7	15	0	0.5713729611881844	6.737482158409862	6.637299898312974	-1.6016191519455676	1.5337543248928507	3.0857568310502823
7	16	0	0.543423422040914	6.5078505142646925	6.513194210522075	-1.6024647942249968	1.5328380667434638	3.085795067915943
7	17	0	0.5288425063285302	6.364834696492084	6.43098174339396	-1.603722312497019	1.5316433662963518	3.0857554279397568
7	18	0	0.5280464523971902	6.323630969727754	6.429078643330439	-1.6043237258694214	1.5309717251010213	3.0857888092302
7	19	0	0.5469827243812548	6.41448829027546	6.495925769896741	-1.6051574370321624	1.5302220338356074	3.0857719273952475
7	20	0	0.6185940606298689	6.849377051759099	6.660705892762388	-1.6059029959962385	1.529791136055278	3.0858017373996938
7	24	0	0.09482564464175665	1.2889543855252221	1.1153784689111543	-2.0461285978623533	1.051321969619424	2.503544629374743
7	25	0	0.09695303535839436	1.2310998019947452	1.1055068969329922	-2.055502158120146	1.0434487869736846	2.503842837167851
7	26	0	0.1033397945938791	1.1972533023586533	1.0992417793273082	-2.0652705489607763	1.0367556434727778	2.5060862608442362
7	27	0	0.10916961973928396	1.1709031624235526	1.095951963444582	-2.076693620356168	1.0275427115320497	2.5053416642517705
7	28	0	0.11848966867160812	1.1628324548186826	1.0959237465064253	-2.0844676900915853	1.0227957120062245	2.507318991597308
7	29	0	0.13004391634413154	1.1775204848269862	1.1010012094028456	-2.0921546885526894	1.0178211625528686	2.507312971761656
8	6	0	0.7076262985879738	9.831893019146083	9.997921393332545	-1.5074736493934235	1.6273682129056768	-3.095187745342888
8	7	0	0.698632242337028	9.60567882845421	9.967944355252035	-1.5076706023813098	1.6271902528711455	-3.0951576366731106
8	8	0	0.7295989816232075	9.544368663280448	9.955854209079265	-1.5080689744061013	1.6270016167140617	-3.0951940642303004
8	9	0	0.765828690750777	9.551417673821609	9.978428998658359	-1.5084140790330574	1.6268205992813147	-3.0952457488564353
8	10	0	0.7981503879739389	9.590058529011332	10.029306645956781	-1.5087687218276953	1.6265561331901246	-3.0952683654572257
8	11	0	0.8603751455479093	9.711141318633405	10.111409172464816	-1.5092500140643192	1.6263083084583883	-3.0952702402941665
8	14	0	0.57823330616259	7.090021302497861	6.756580582931127	-1.6008156119995849	1.534455122006574	3.085779192482432
8	15	0	0.5414924069180203	6.730759893871225	6.641053020829284	-1.6015037958866203	1.5335752546482073	3.0858067768043997
8	16	0	0.5407097346775058	6.499615510155283	6.522302497751526	-1.602679410288477	1.5325554675022273	3.0857396470287926
8	17	0	0.5441770938790791	6.330683379929285	6.421982163757104	-1.603427739614982	1.5318502253091082	3.0856608916799098
8	18	0	0.5635772152432146	6.279113860313734	6.41562200446078	-1.6043562229907278	1.5310372074141172	3.085553227710895
8	19	0	0.6001251895250383	6.278679439850761	6.433832559382782	-1.6048635771777175	1.5307006126280116	3.085520706216138
8	25	0	0.08588186897064305	1.1936246776230983	1.0760402856146454	-2.0546665100657036	1.041314881709369	2.504492774665606
8	26	0	0.09698288893702682	1.168920273859013	1.0795717870029304	-2.0658015783432213	1.0350116790585278	2.5049171090020557
8	27	0	0.10950529390295287	1.1457716854663351	1.0754041955718578	-2.076773909292201	1.0289283433128102	2.506200246145299
8	28	0	0.12083184767271817	1.1291965854360433	1.0651331738848013	-2.085853788201633	1.0237423531607157	2.5063246360332205
9	7	0	0.5946172842327293	9.569101186740621	9.964841747742328	-1.5071731793799594	1.6269754528047138	-3.095009423251808
9	8	0	0.677498200373674	9.593221145578935	10.038174505851504	-1.5078062884487091	1.6269250273545734	-3.095090619927554
9	9	0	0.7616900239277105	9.59450909875947	10.066075233876878	-1.508383678268282	1.6268161067908127	-3.0951913408997473
9	10	0	0.8135062551977734	9.51586784435238	10.039925002562956	-1.508768465823597	1.6266996344541003	-3.095256098592569
9	15	0	0.4774212568752998	6.577873467424846	6.54972372261307	-1.6016940094764622	1.5328935339852883	3.085824656606587
9	16	0	0.5161782287647866	6.428465271854119	6.4920426448217485	-1.6025811833020227	1.5323893988398205	3.085727018372953
9	17	0	0.5381383753468819	6.173284572050626	6.308671218254545	-1.6037047623030787	1.5316156501682998	3.0855214140116405
9	18	0	0.5978523298423656	6.192177618827693	6.363847264394469	-1.6043345209917301	1.531216318405734	3.085413548383001
9	19	0	0.6596901443628556	6.176685796355055	6.316609299582205	-1.60507421447866	1.5308955779354008	3.085312655668231
10	17	0	0.4751636829165804	5.696932555808709	5.890525314447435	-1.603962777685222	1.5313864768384449	3.085384694939425
