# t (s)	mx ()	my ()	mz ()	B_extx (T)	B_exty (T)	B_extz (T)
1e-12	0.9964614	0.08363282	0.0012995219	0.3586301	0.031376068	0
1.5758752759595972e-11	0.9964595	0.08365571	0.0013137687	0.3586301	0.031376068	4.3212335e-06
3.0775246068055714e-11	0.99646235	0.0836204	0.0013237452	0.3586301	0.031376068	-1.1918221e-05
4.567777373553841e-11	0.9964654	0.08358397	0.0012877819	0.3586301	0.031376068	-3.6929457e-06
5.986822809034882e-11	0.996462	0.08362574	0.0012553254	0.3586301	0.031376068	1.18234075e-05
7.47162883895248e-11	0.99645674	0.08368768	0.0012839999	0.3586301	0.031376068	4.185521e-06
8.975272061734991e-11	0.99645895	0.08366147	0.0013341242	0.3586301	0.031376068	-1.2076834e-05
1.0400313968708387e-10	0.9964641	0.08359951	0.0013301484	0.3586301	0.031376068	-4.3613063e-06
1.191034808533022e-10	0.9964638	0.08360413	0.001291074	0.3586301	0.031376068	1.2100004e-05
1.3352291907051007e-10	0.99646014	0.08364568	0.0012844772	0.3586301	0.031376068	4.2406477e-06
1.4832941465164682e-10	0.99646086	0.08363841	0.0012990591	0.3586301	0.031376068	-1.2068783e-05
1.6302772194470982e-10	0.996463	0.08361326	0.0012893315	0.3586301	0.031376068	-4.137787e-06
1.7764149544691556e-10	0.9964604	0.08364306	0.0012804056	0.3586301	0.031376068	1.2072436e-05
1.9217985998590215e-10	0.9964576	0.08367723	0.0013114343	0.3586301	0.031376068	4.4892836e-06
2.071584948553851e-10	0.99646115	0.0836338	0.0013411789	0.3586301	0.031376068	-1.2168737e-05
2.2208109726551428e-10	0.996466	0.083576486	0.0013077572	0.3586301	0.031376068	-3.8709595e-06
2.3646627645406716e-10	0.9964635	0.08360667	0.0012608821	0.3586301	0.031376068	1.2170921e-05
2.5130657892754167e-10	0.99645793	0.083672926	0.0012715327	0.3586301	0.031376068	4.1312655e-06
2.661161716800832e-10	0.99645877	0.08366357	0.001314515	0.3586301	0.031376068	-1.2326685e-05
2.808961078671771e-10	0.99646276	0.08361485	0.0013186026	0.3586301	0.031376068	-3.9138117e-06
2.951633922402614e-10	0.99646235	0.08361985	0.0012988719	0.3586301	0.031376068	1.2210594e-05
3.0990040625937864e-10	0.9964598	0.08365039	0.0013032323	0.3586301	0.031376068	4.466868e-06
3.2462104941012033e-10	0.99646187	0.08362653	0.0013139291	0.3586301	0.031376068	-1.228279e-05
3.3932534093644365e-10	0.99646467	0.08359337	0.001287546	0.3586301	0.031376068	-4.4679414e-06
3.5401859802084936e-10	0.9964613	0.08363315	0.0012622828	0.3586301	0.031376068	1.2326583e-05
3.686994005800106e-10	0.99645674	0.08368709	0.0012937394	0.3586301	0.031376068	4.5361066e-06
3.833704170209081e-10	0.99645936	0.08365528	0.001339163	0.3586301	0.031376068	-1.23483505e-05
3.9852138064131094e-10	0.9964652	0.08358735	0.0013239998	0.3586301	0.031376068	-4.0080167e-06
4.1317735853975557e-10	0.9964639	0.08360177	0.0012784734	0.3586301	0.031376068	1.2583886e-05
4.2782633725836367e-10	0.99645936	0.08365595	0.0012768017	0.3586301	0.031376068	4.1684934e-06
4.424700421089921e-10	0.99645996	0.08365003	0.0013031978	0.3586301	0.031376068	-1.25830165e-05
4.5710834800197343e-10	0.9964629	0.08361525	0.0013011205	0.3586301	0.031376068	-4.3605896e-06
4.717434139613958e-10	0.99646115	0.08363503	0.001288446	0.3586301	0.031376068	1.25708775e-05
4.863749746216749e-10	0.99645835	0.08366757	0.0013098611	0.3586301	0.031376068	4.5740885e-06
5.010027846420402e-10	0.9964614	0.08363143	0.0013316453	0.3586301	0.031376068	-1.2548856e-05
5.161152137934448e-10	0.9964658	0.08358035	0.0013001182	0.3586301	0.031376068	-4.1482604e-06
5.307383539788918e-10	0.99646276	0.08361639	0.0012593432	0.3586301	0.031376068	1.27577605e-05
5.453593058900433e-10	0.99645734	0.083679765	0.0012781529	0.3586301	0.031376068	4.394688e-06
5.599784583498227e-10	0.99645877	0.083662875	0.0013236487	0.3586301	0.031376068	-1.2730821e-05
5.745955249859308e-10	0.9964636	0.08360611	0.0013230769	0.3586301	0.031376068	-4.6524724e-06
5.896987012888108e-10	0.996463	0.08361277	0.0012916384	0.3586301	0.031376068	1.29283335e-05
6.043133135613705e-10	0.99645966	0.08365224	0.0012934374	0.3586301	0.031376068	4.252741e-06
6.189275147751837e-10	0.9964611	0.08363456	0.001309321	0.3586301	0.031376068	-1.2900045e-05
6.335399197674349e-10	0.99646395	0.083601005	0.0012915803	0.3586301	0.031376068	-4.526532e-06
6.481517951597527e-10	0.9964613	0.0836344	0.0012714609	0.3586301	0.031376068	1.2864301e-05
6.632500991355378e-10	0.99645716	0.08368173	0.0013008253	0.3586301	0.031376068	4.131562e-06
6.778615883988774e-10	0.99646014	0.083645396	0.0013375613	0.3586301	0.031376068	-1.306301e-05
6.924713269957097e-10	0.9964654	0.08358508	0.0013163546	0.3586301	0.031376068	-4.415741e-06
7.070808526534425e-10	0.9964636	0.08360617	0.001272583	0.3586301	0.031376068	1.3028292e-05
7.216901393442899e-10	0.99645865	0.08366393	0.0012775295	0.3586301	0.031376068	4.703892e-06
7.362993776429151e-10	0.9964595	0.08365417	0.0013101309	0.3586301	0.031376068	-1.2987359e-05
7.513944864700478e-10	0.99646336	0.0836105	0.0013079547	0.3586301	0.031376068	-4.3140526e-06
7.660024702323236e-10	0.99646187	0.083627954	0.0012889119	0.3586301	0.031376068	1.3189931e-05
7.806102803091187e-10	0.99645877	0.08366388	0.0013047982	0.3586301	0.031376068	4.609532e-06
7.952182486844792e-10	0.9964613	0.08363245	0.0013253617	0.3586301	0.031376068	-1.3150792e-05
8.098253088691031e-10	0.9964651	0.083586365	0.0012983929	0.3586301	0.031376068	-4.90664e-06
8.249192049631935e-10	0.9964623	0.08362216	0.0012637615	0.3586301	0.031376068	1.3350683e-05
8.395261444519059e-10	0.99645734	0.08368023	0.0012858965	0.3586301	0.031376068	4.5190927e-06
8.541333107242615e-10	0.99645936	0.08365642	0.0013278447	0.3586301	0.031376068	-1.3313846e-05
8.68739836270012e-10	0.9964642	0.08359842	0.0013193557	0.3586301	0.031376068	-4.821326e-06
8.838330362065525e-10	0.99646306	0.08361299	0.0012852986	0.3586301	0.031376068	1.3511633e-05
8.984391369495222e-10	0.9964592	0.08365808	0.0012907342	0.3586301	0.031376068	4.4307308e-06
9.130455741279219e-10	0.9964607	0.08363918	0.0013122734	0.3586301	0.031376068	-1.3477162e-05
9.276517431207105e-10	0.99646395	0.083600335	0.0012962221	0.3586301	0.031376068	-4.7377857e-06
9.422578731814976e-10	0.9964616	0.0836313	0.001273676	0.3586301	0.031376068	1.3436126e-05
9.573502787274788e-10	0.9964576	0.0836785	0.0013007898	0.3586301	0.031376068	4.3430655e-06
9.719561531452005e-10	0.9964604	0.08364302	0.0013345184	0.3586301	0.031376068	-1.3641395e-05
9.865618405724165e-10	0.99646527	0.0835851	0.0013119677	0.3586301	0.031376068	-4.6549376e-06
1.0011678149327052e-09	0.9964632	0.083610296	0.0012703685	0.3586301	0.031376068	1.36030985e-05
1.0157731265527593e-09	0.99645835	0.083669126	0.0012806508	0.3586301	0.031376068	4.9678856e-06
1.030865925516928e-09	0.99645954	0.08365184	0.0013156068	0.3586301	0.031376068	-1.3807053e-05
1.0454717080262229e-09	0.9964636	0.08360511	0.0013081644	0.3586301	0.031376068	-4.5705115e-06
1.060077600764932e-09	0.996462	0.08362563	0.00128473	0.3586301	0.031376068	1.3771882e-05
1.0746829360383635e-09	0.99645853	0.083667114	0.0013015731	0.3586301	0.031376068	4.8869824e-06
1.0892887563317573e-09	0.996461	0.08363593	0.001326324	0.3586301	0.031376068	-1.3729789e-05
1.1043812079207728e-09	0.9964652	0.083585925	0.0012985911	0.3586301	0.031376068	-4.4846834e-06
1.11898711111714e-09	0.9964623	0.0836221	0.0012636622	0.3586301	0.031376068	1.3942469e-05
1.133592400423824e-09	0.99645734	0.083681725	0.0012866164	0.3586301	0.031376068	4.804674e-06
1.1481982544746632e-09	0.99645936	0.083656125	0.001329463	0.3586301	0.031376068	-1.3903507e-05
1.1628038475924143e-09	0.9964644	0.08359553	0.0013192162	0.3586301	0.031376068	-5.125027e-06
1.17789641575378e-09	0.996463	0.08361305	0.0012821514	0.3586301	0.031376068	1.4114953e-05
1.1925015956874042e-09	0.99645895	0.08366176	0.0012901187	0.3586301	0.031376068	4.720822e-06
1.2071071787936477e-09	0.99646056	0.083640926	0.0013149458	0.3586301	0.031376068	-1.4078999e-05
1.2217126587981082e-09	0.9964642	0.0835978	0.0012981193	0.3586301	0.031376068	-5.0453423e-06
1.2363181099528844e-09	0.9964617	0.08362904	0.0012723588	0.3586301	0.031376068	1.4036283e-05
1.2514101947234324e-09	0.99645734	0.08368119	0.0013003659	0.3586301	0.031376068	4.635896e-06
1.266015662171057e-09	0.9964604	0.08364403	0.0013368006	0.3586301	0.031376068	-1.4256403e-05
1.2806210107199267e-09	0.9964654	0.08358207	0.0013133315	0.3586301	0.031376068	-4.964421e-06
1.2952263263972896e-09	0.99646336	0.08360782	0.0012684494	0.3586301	0.031376068	1.4216744e-05
1.309831686635308e-09	0.9964582	0.08367087	0.0012780227	0.3586301	0.031376068	5.293966e-06
1.3249236523302593e-09	0.9964595	0.08365474	0.0013176503	0.3586301	0.031376068	-1.4435764e-05
1.3395289633452286e-09	0.9964638	0.08360376	0.0013108677	0.3586301	0.031376068	-4.8821526e-06
1.3541341728178056e-09	0.99646205	0.08362321	0.0012851435	0.3586301	0.031376068	1.4399296e-05
1.3687395414547694e-09	0.9964585	0.08366678	0.0013006928	0.3586301	0.031376068	5.2156197e-06
1.3838315456891214e-09	0.99646115	0.08363339	0.0013264179	0.3586301	0.031376068	-1.461735e-05
1.3984367633268104e-09	0.9964654	0.083583795	0.0012980794	0.3586301	0.031376068	-4.7981302e-06
1.4130419487731738e-09	0.9964623	0.08362198	0.0012612345	0.3586301	0.031376068	1.45841705e-05
1.4276474264621223e-09	0.9964569	0.08368546	0.0012857966	0.3586301	0.031376068	5.1352763e-06
1.442252454714263e-09	0.9964592	0.08365868	0.0013323944	0.3586301	0.031376068	-1.4543949e-05
1.4573446063724889e-09	0.99646467	0.08359084	0.0013210681	0.3586301	0.031376068	-4.712006e-06
1.4719497701563966e-09	0.99646336	0.083608	0.0012807387	0.3586301	0.031376068	1.4771495e-05
1.486555136840724e-09	0.99645895	0.0836615	0.0012856028	0.3586301	0.031376068	5.05321e-06
1.5011600365596642e-09	0.9964604	0.08364422	0.0013120234	0.3586301	0.031376068	-1.4734516e-05
1.5157651580712208e-09	0.99646395	0.08360082	0.0012984956	0.3586301	0.031376068	-5.396205e-06
1.5308571136540786e-09	0.9964614	0.08363242	0.0012744253	0.3586301	0.031376068	1.4961069e-05
1.5454625046302633e-09	0.9964573	0.08368113	0.0013025372	0.3586301	0.031376068	4.9696514e-06
1.5600674564722914e-09	0.99646056	0.08364168	0.0013381185	0.3586301	0.031376068	-1.4927581e-05
1.574672620299668e-09	0.99646586	0.08357807	0.0013113675	0.3586301	0.031376068	-5.3165068e-06
1.5892779703315534e-09	0.9964635	0.08360753	0.0012638926	0.3586301	0.031376068	1.48869185e-05
1.6043700342491328e-09	0.9964576	0.08367742	0.0012765387	0.3586301	0.031376068	4.883756e-06
1.6189749930112515e-09	0.9964592	0.083660156	0.0013197467	0.3586301	0.031376068	-1.5123373e-05
1.6335801037436713e-09	0.9964638	0.08360366	0.0013161371	0.3586301	0.031376068	-5.23474e-06
1.648185364167973e-09	0.99646235	0.08361908	0.0012883615	0.3586301	0.031376068	1.5086112e-05
1.662790374115264e-09	0.99645877	0.083662935	0.0012997609	0.3586301	0.031376068	5.586478e-06
1.6778823789155408e-09	0.9964613	0.08363285	0.0013216869	0.3586301	0.031376068	-1.5321823e-05
1.6924874458272171e-09	0.99646527	0.08358607	0.0012941739	0.3586301	0.031376068	-5.1511165e-06
1.7070927137717505e-09	0.99646175	0.083627045	0.0012611429	0.3586301	0.031376068	1.5288118e-05
1.7216976418098697e-09	0.99645644	0.083689705	0.0012909713	0.3586301	0.031376068	5.5071873e-06
1.7363029520352665e-09	0.99645936	0.083656184	0.0013387473	0.3586301	0.031376068	-1.5246897e-05
1.751394800323697e-09	0.9964654	0.083584376	0.0013224423	0.3586301	0.031376068	-5.065339e-06
1.7660000852818475e-09	0.99646366	0.083603665	0.0012761495	0.3586301	0.031376068	1.5493055e-05
1.7806050200173229e-09	0.99645865	0.08366417	0.0012800905	0.3586301	0.031376068	5.425633e-06
1.7952102488138155e-09	0.99645996	0.08364973	0.0013108555	0.3586301	0.031376068	-1.54554e-05
1.8103021536067886e-09	0.9964638	0.08360366	0.0013011956	0.3586301	0.031376068	-4.977374e-06
1.824907482092857e-09	0.9964614	0.083632395	0.001280414	0.3586301	0.031376068	1.5701013e-05
1.8395123929300903e-09	0.9964576	0.08367749	0.0013068101	0.3586301	0.031376068	5.3419467e-06
1.8541177083673603e-09	0.9964611	0.083635435	0.0013370673	0.3586301	0.031376068	-1.5667109e-05
1.8687227937261157e-09	0.9964663	0.08357408	0.0013043608	0.3586301	0.031376068	-5.7075513e-06
1.8838147060579744e-09	0.9964629	0.08361418	0.0012568173	0.3586301	0.031376068	1.5911974e-05
1.898419503568006e-09	0.99645686	0.08368609	0.0012782264	0.3586301	0.031376068	5.2565097e-06
1.9130246471320845e-09	0.99645877	0.08366289	0.0013277795	0.3586301	0.031376068	-1.5881713e-05
1.9276295808798175e-09	0.9964644	0.0835972	0.0013218987	0.3586301	0.031376068	-5.6271465e-06
1.9422344655264733e-09	0.9964632	0.08361157	0.0012862893	0.3586301	0.031376068	1.5843638e-05
1.957326380004242e-09	0.99645877	0.083661675	0.0012944742	0.3586301	0.031376068	5.1692327e-06
1.9719317293794937e-09	0.99646115	0.08363531	0.0013163626	0.3586301	0.031376068	-1.6099708e-05
1.9865368573453468e-09	0.9964649	0.08359031	0.0012921117	0.3586301	0.031376068	-5.543731e-06
2.0011419683448292e-09	0.9964616	0.08363193	0.0012637815	0.3586301	0.031376068	1.6065744e-05
2.01574732603696e-09	0.9964563	0.083692	0.0012978258	0.3586301	0.031376068	5.919664e-06
2.0308392565069056e-09	0.99645996	0.08364755	0.0013444753	0.3586301	0.031376068	-1.6321363e-05
2.045444417722662e-09	0.99646616	0.08357468	0.0013181724	0.3586301	0.031376068	-5.457567e-06
2.0600494968325802e-09	0.99646395	0.08360261	0.0012657276	0.3586301	0.031376068	1.6291377e-05
2.0746548997717072e-09	0.9964579	0.08367377	0.0012745556	0.3586301	0.031376068	5.8382093e-06
2.0892599575027733e-09	0.99645907	0.08365871	0.0013158944	0.3586301	0.031376068	-1.6253618e-05
2.1043520658725205e-09	0.99646395	0.083602145	0.0013091011	0.3586301	0.031376068	-5.3689187e-06
2.118956972220329e-09	0.996462	0.08362614	0.0012837609	0.3586301	0.031376068	1.6520602e-05
2.1335623125906627e-09	0.99645793	0.08367312	0.0013046702	0.3586301	0.031376068	5.75477e-06
2.148167304718223e-09	0.99646115	0.08363384	0.0013322342	0.3586301	0.031376068	-1.6486785e-05
2.162772461769562e-09	0.9964661	0.08357508	0.001299118	0.3586301	0.031376068	-6.142344e-06
2.1778644156030338e-09	0.99646235	0.08362124	0.0012539489	0.3586301	0.031376068	1.6753549e-05
2.1924697648704503e-09	0.99645615	0.08369425	0.0012838395	0.3586301	0.031376068	5.668938e-06
2.2070746339694483e-09	0.99645877	0.08366211	0.0013378902	0.3586301	0.031376068	-1.6723803e-05
2.2216797159379535e-09	0.9964651	0.0835866	0.0013257695	0.3586301	0.031376068	-6.061872e-06
2.2367715006588196e-09	0.99646366	0.08360625	0.0012781316	0.3586301	0.031376068	1.6990152e-05
2.2513766825779624e-09	0.99645853	0.0836666	0.0012851808	0.3586301	0.031376068	5.581683e-06
2.2659815819268995e-09	0.99646014	0.08364466	0.0013153184	0.3586301	0.031376068	-1.6964577e-05
2.28058684057894e-09	0.9964645	0.08359427	0.0012982431	0.3586301	0.031376068	-5.979325e-06
2.295192207563414e-09	0.9964617	0.08362994	0.0012704596	0.3586301	0.031376068	1.6931155e-05
2.310284405497247e-09	0.99645656	0.083688624	0.0013033012	0.3586301	0.031376068	5.4905154e-06
2.324889554805529e-09	0.9964604	0.08364242	0.0013437421	0.3586301	0.031376068	-1.7210106e-05
2.3394948487058474e-09	0.9964666	0.08357026	0.0013122725	0.3586301	0.031376068	-5.8927853e-06
2.354100209000248e-09	0.99646366	0.083605506	0.0012585381	0.3586301	0.031376068	1.7181053e-05
2.3687053348379874e-09	0.99645716	0.083683215	0.0012739622	0.3586301	0.031376068	6.2968256e-06
2.3837974910464403e-09	0.99645877	0.08366128	0.0013254287	0.3586301	0.031376068	-1.7459863e-05
2.3984027731987844e-09	0.9964645	0.08359537	0.0013174958	0.3586301	0.031376068	-5.8039136e-06
2.4130081364560238e-09	0.99646276	0.08361632	0.0012826939	0.3586301	0.031376068	1.743529e-05
2.4276132677828006e-09	0.9964582	0.08367056	0.0012967807	0.3586301	0.031376068	6.2133104e-06
2.4422185708273724e-09	0.99646086	0.08363817	0.0013256024	0.3586301	0.031376068	-1.7402193e-05
2.4573106299602943e-09	0.9964658	0.083579384	0.0012967271	0.3586301	0.031376068	-5.712612e-06
2.471916047769764e-09	0.99646217	0.08362403	0.001257908	0.3586301	0.031376068	1.769405e-05
2.486521157556342e-09	0.99645615	0.08369476	0.0012894488	0.3586301	0.031376068	6.127399e-06
2.501126620158436e-09	0.9964592	0.083657354	0.0013413794	0.3586301	0.031376068	-1.7665603e-05
2.5157317578625863e-09	0.9964658	0.08357921	0.0013227426	0.3586301	0.031376068	-6.544073e-06
2.530823858351858e-09	0.9964638	0.08360397	0.0012701721	0.3586301	0.031376068	1.795744e-05
2.545428791631627e-09	0.99645793	0.08367379	0.001279853	0.3586301	0.031376068	6.039427e-06
2.5600341027761426e-09	0.99645954	0.08365227	0.0013183146	0.3586301	0.031376068	-1.7933473e-05
2.574639187658532e-09	0.9964645	0.08359418	0.0013053346	0.3586301	0.031376068	-6.462188e-06
2.5892441806400546e-09	0.996462	0.0836249	0.0012745999	0.3586301	0.031376068	1.790074e-05
2.604336051135506e-09	0.99645704	0.08368433	0.001300876	0.3586301	0.031376068	5.949568e-06
2.618941294540433e-09	0.99646056	0.083641365	0.0013385962	0.3586301	0.031376068	-1.8206169e-05
2.633546476186711e-09	0.9964664	0.08357176	0.0013074689	0.3586301	0.031376068	-6.378066e-06
2.6481515612597627e-09	0.9964632	0.0836108	0.0012574682	0.3586301	0.031376068	1.8178323e-05
2.6632435585704302e-09	0.99645656	0.083690226	0.0012798894	0.3586301	0.031376068	5.8565447e-06
2.6778487813887434e-09	0.99645895	0.08366059	0.0013314177	0.3586301	0.031376068	-1.8484261e-05
2.6924538072245054e-09	0.99646497	0.0835883	0.001319107	0.3586301	0.031376068	-6.291277e-06
2.707058805428526e-09	0.99646306	0.08361191	0.0012779216	0.3586301	0.031376068	1.8461174e-05
2.72166406078795e-09	0.99645793	0.083673865	0.0012916957	0.3586301	0.031376068	6.7283936e-06
2.736755869551777e-09	0.99646056	0.08364133	0.0013252004	0.3586301	0.031376068	-1.8767487e-05
2.7513608787556136e-09	0.9964655	0.08358164	0.0012995034	0.3586301	0.031376068	-6.202339e-06
2.765965784966342e-09	0.99646205	0.083623886	0.0012616788	0.3586301	0.031376068	1.8749402e-05
2.7805710384912942e-09	0.99645627	0.08369378	0.001292641	0.3586301	0.031376068	6.6458138e-06
2.795175985070371e-09	0.99645954	0.08365341	0.0013419521	0.3586301	0.031376068	-1.8722532e-05
2.8102679967191885e-09	0.99646616	0.08357395	0.0013169531	0.3586301	0.031376068	-6.110568e-06
2.8248728856637387e-09	0.9964636	0.08360639	0.0012654673	0.3586301	0.031376068	1.9043484e-05
2.8394780158098745e-09	0.99645734	0.08368077	0.0012806858	0.3586301	0.031376068	6.5606077e-06
2.854082920397981e-09	0.99645954	0.0836544	0.0013242713	0.3586301	0.031376068	-1.9021669e-05
2.868688042448154e-09	0.9964651	0.08358851	0.00130881	0.3586301	0.031376068	-7.013256e-06
2.8837798334618067e-09	0.99646217	0.0836227	0.0012725167	0.3586301	0.031376068	1.9343448e-05
2.8983851192179257e-09	0.9964569	0.08368527	0.001298311	0.3586301	0.031376068	6.472427e-06
2.912989954806191e-09	0.99646044	0.08364273	0.0013377335	0.3586301	0.031376068	-1.9327048e-05
2.9275950922511468e-09	0.99646646	0.083570756	0.0013066361	0.3586301	0.031376068	-6.9317757e-06
2.9422002002779365e-09	0.99646306	0.083611965	0.0012563327	0.3586301	0.031376068	1.930151e-05
2.9572921652586146e-09	0.99645627	0.08369338	0.0012833244	0.3586301	0.031376068	6.381552e-06
2.9718969946932376e-09	0.9964592	0.083658665	0.0013355454	0.3586301	0.031376068	-1.9638837e-05
2.9865021165800974e-09	0.9964657	0.083581746	0.0013181579	0.3586301	0.031376068	-6.8476584e-06
3.001107237845292e-09	0.9964632	0.08361022	0.0012721618	0.3586301	0.031376068	1.9618767e-05
3.015712210867263e-09	0.99645734	0.08367989	0.0012888525	0.3586301	0.031376068	7.3163496e-06
3.0308040792743768e-09	0.9964604	0.08364406	0.0013286568	0.3586301	0.031376068	-1.9957311e-05
3.0454092583334525e-09	0.996466	0.08357798	0.001301944	0.3586301	0.031376068	-6.760509e-06
3.0600144611853383e-09	0.99646235	0.08362137	0.0012600037	0.3586301	0.031376068	1.9943018e-05
3.074619398081961e-09	0.99645597	0.08369657	0.0012912635	0.3586301	0.031376068	7.2361486e-06
3.0897113366866543e-09	0.9964598	0.08365099	0.0013437293	0.3586301	0.031376068	-2.0282823e-05
3.1043163880864204e-09	0.9964666	0.08356999	0.0013160546	0.3586301	0.031376068	-6.6704984e-06
3.118921478743531e-09	0.9964636	0.08360598	0.0012618238	0.3586301	0.031376068	2.0274243e-05
3.1335262164418852e-09	0.99645686	0.08368609	0.0012799606	0.3586301	0.031376068	7.1539907e-06
3.148131287718986e-09	0.99645925	0.083656915	0.0013282318	0.3586301	0.031376068	-2.0255817e-05
3.1632229760552656e-09	0.99646556	0.08358308	0.0013088954	0.3586301	0.031376068	-6.5786894e-06
3.177828029545732e-09	0.99646235	0.08362037	0.0012687272	0.3586301	0.031376068	2.061254e-05
3.192432835942724e-09	0.99645644	0.083689675	0.0012961144	0.3586301	0.031376068	7.0694437e-06
3.2070381210227005e-09	0.99646014	0.08364549	0.001340287	0.3586301	0.031376068	-2.060034e-05
3.2216431512674403e-09	0.9964668	0.08356717	0.0013087414	0.3586301	0.031376068	-7.562604e-06
3.2367351969157382e-09	0.996463	0.083613314	0.0012532194	0.3586301	0.031376068	2.0959014e-05
3.2513401238163253e-09	0.9964557	0.08369821	0.0012815804	0.3586301	0.031376068	6.980487e-06
3.265945455754015e-09	0.9964588	0.08366168	0.0013386545	0.3586301	0.031376068	-2.095321e-05
3.28055044662918e-09	0.996466	0.083577946	0.001320886	0.3586301	0.031376068	-7.48133e-06
3.2951554583035916e-09	0.9964636	0.083606735	0.0012705685	0.3586301	0.031376068	2.0937337e-05
3.310247409107524e-09	0.9964569	0.08368375	0.0012887204	0.3586301	0.031376068	6.888462e-06
3.3248527410810493e-09	0.99646014	0.083646476	0.0013305206	0.3586301	0.031376068	-2.131432e-05
3.339457864684142e-09	0.99646616	0.08357501	0.001303255	0.3586301	0.031376068	-7.396862e-06
3.354062777199184e-09	0.9964626	0.08361992	0.0012581823	0.3586301	0.031376068	2.1304917e-05
3.3686681153970286e-09	0.99645567	0.083700284	0.0012906318	0.3586301	0.031376068	7.909492e-06
3.3837600387946437e-09	0.99645954	0.08365313	0.0013480693	0.3586301	0.031376068	-2.168407e-05
3.3983651456088834e-09	0.9964671	0.08356441	0.0013186429	0.3586301	0.031376068	-7.309677e-06
3.4129701458679786e-09	0.99646395	0.0836018	0.0012585906	0.3586301	0.031376068	2.1681428e-05
3.42757544025158e-09	0.99645656	0.083689466	0.00127609	0.3586301	0.031376068	7.830493e-06
3.44218034840437e-09	0.9964588	0.08366113	0.0013286732	0.3586301	0.031376068	-2.1668699e-05
3.4572723227932313e-09	0.9964657	0.083581544	0.001312448	0.3586301	0.031376068	-7.2195953e-06
3.471877396572048e-09	0.99646276	0.08361778	0.0012695895	0.3586301	0.031376068	2.2067123e-05
3.486482702719209e-09	0.99645644	0.08369042	0.001296094	0.3586301	0.031376068	7.74868e-06
3.5010876809920947e-09	0.99646014	0.08364469	0.0013407065	0.3586301	0.031376068	-2.2061357e-05
3.516179833374602e-09	0.9964673	0.08356177	0.0013047422	0.3586301	0.031376068	-7.1254585e-06
3.5307848297526737e-09	0.9964632	0.08361306	0.0012489759	0.3586301	0.031376068	2.2462647e-05
3.5453901299418755e-09	0.9964554	0.08370476	0.0012806026	0.3586301	0.031376068	7.6634e-06
3.5599950960716434e-09	0.9964585	0.08366502	0.0013434067	0.3586301	0.031376068	-2.2464063e-05
3.574600515258153e-09	0.9964664	0.08357284	0.0013247618	0.3586301	0.031376068	-8.205579e-06
3.589692438195118e-09	0.9964639	0.083603896	0.0012675459	0.3586301	0.031376068	2.2868428e-05
3.6042978175086605e-09	0.9964569	0.08368466	0.0012839941	0.3586301	0.031376068	7.5742723e-06
3.618902817436629e-09	0.9964598	0.08364965	0.0013282198	0.3586301	0.031376068	-2.2877453e-05
3.6335081380537497e-09	0.9964661	0.083575726	0.0013027946	0.3586301	0.031376068	-8.125762e-06
3.648113485433402e-09	0.99646235	0.08362212	0.0012589716	0.3586301	0.031376068	2.2876211e-05
3.663205592559166e-09	0.9964554	0.083704606	0.0012964875	0.3586301	0.031376068	7.481562e-06
3.6778106026413543e-09	0.9964598	0.0836504	0.001351731	0.3586301	0.031376068	-2.3301796e-05
3.692415916670357e-09	0.9964676	0.08355664	0.0013165688	0.3586301	0.031376068	-8.042414e-06
3.707021104452495e-09	0.9964642	0.08360055	0.001251262	0.3586301	0.031376068	2.3308177e-05
3.7216259754814605e-09	0.99645597	0.08369802	0.0012728885	0.3586301	0.031376068	8.6088685e-06
3.736717896991539e-09	0.99645853	0.083664626	0.0013342276	0.3586301	0.031376068	-2.3737137e-05
3.751323028142959e-09	0.99646586	0.08357874	0.0013180379	0.3586301	0.031376068	-7.957468e-06
3.76592820267814e-09	0.99646306	0.0836131	0.0012709724	0.3586301	0.031376068	2.375144e-05
3.7805330430672406e-09	0.99645656	0.0836898	0.0012951066	0.3586301	0.031376068	8.533974e-06
3.795138300683258e-09	0.9964604	0.08364346	0.0013391301	0.3586301	0.031376068	-2.3754686e-05
3.8102301825575514e-09	0.9964674	0.08356069	0.0013002552	0.3586301	0.031376068	-7.869047e-06
3.824835354378223e-09	0.99646264	0.08361787	0.0012460192	0.3586301	0.031376068	2.4207075e-05
3.8394402893111095e-09	0.99645466	0.0837133	0.0012852475	0.3586301	0.031376068	8.45551e-06
3.854045659704091e-09	0.99645853	0.08366423	0.0013528258	0.3586301	0.031376068	-2.4218902e-05
3.8686508087337155e-09	0.9964672	0.08356108	0.001327045	0.3586301	0.031376068	-9.046415e-06
3.8837429535308645e-09	0.9964644	0.0835986	0.0012601528	0.3586301	0.031376068	2.4676025e-05
3.898348014797469e-09	0.99645656	0.08369116	0.0012775859	0.3586301	0.031376068	8.372524e-06
3.912953469552459e-09	0.9964592	0.08365674	0.001329561	0.3586301	0.031376068	-2.4696854e-05
3.927558524335714e-09	0.9964661	0.08357503	0.0013070614	0.3586301	0.031376068	-8.97425e-06
3.94265069489485e-09	0.9964623	0.083623715	0.001261591	0.3586301	0.031376068	2.5158648e-05
3.957255774655521e-09	0.99645525	0.083705045	0.0012999036	0.3586301	0.031376068	8.285987e-06
3.971861177036243e-09	0.99646014	0.083645806	0.0013535399	0.3586301	0.031376068	-2.5188683e-05
3.986466343486116e-09	0.9964683	0.08354877	0.0013110964	0.3586301	0.031376068	-8.898641e-06
4.001071594121687e-09	0.99646395	0.0836026	0.00124179	0.3586301	0.031376068	2.5207417e-05
4.016163611028101e-09	0.9964547	0.083711945	0.0012750603	0.3586301	0.031376068	8.195624e-06
4.030769028165558e-09	0.9964582	0.083668925	0.001344818	0.3586301	0.031376068	-2.5695326e-05
4.045374105004929e-09	0.9964666	0.08356855	0.0013250493	0.3586301	0.031376068	-8.819871e-06
4.059979203809818e-09	0.9964638	0.08360364	0.0012666276	0.3586301	0.031376068	2.5723453e-05
4.074584532314753e-09	0.99645644	0.083692186	0.0012873053	0.3586301	0.031376068	9.450869e-06
4.0896765427630225e-09	0.99646026	0.08364493	0.0013368762	0.3586301	0.031376068	-2.6217102e-05
4.104281595349275e-09	0.9964672	0.08356056	0.0012999832	0.3586301	0.031376068	-8.738392e-06
4.118886729337214e-09	0.99646246	0.08362018	0.0012461168	0.3586301	0.031376068	2.6255333e-05
4.133492074965652e-09	0.9964541	0.083718814	0.0012899945	0.3586301	0.031376068	9.381388e-06
4.148097135514118e-09	0.9964588	0.0836615	0.0013600362	0.3586301	0.031376068	-2.6282185e-05
4.163189221989662e-09	0.99646837	0.08354734	0.0013226162	0.3586301	0.031376068	-8.6529235e-06
4.177794408558291e-09	0.9964644	0.08359538	0.0012482575	0.3586301	0.031376068	2.6804131e-05
4.192399801216177e-09	0.9964554	0.08370354	0.0012709652	0.3586301	0.031376068	9.308129e-06
4.207004780150006e-09	0.9964585	0.083667055	0.0013361139	0.3586301	0.031376068	-2.6841513e-05
4.2216100918686346e-09	0.9964664	0.083570875	0.0013167886	0.3586301	0.031376068	-9.971537e-06
4.236702113374336e-09	0.99646276	0.083615944	0.0012620324	0.3586301	0.031376068	2.7370626e-05
4.251307508612574e-09	0.9964554	0.083704926	0.0012964043	0.3586301	0.031376068	9.231493e-06
4.265912583934045e-09	0.99646014	0.08364648	0.0013512581	0.3586301	0.031376068	-2.741924e-05
4.280517885483892e-09	0.9964686	0.08354627	0.0013076643	0.3586301	0.031376068	-9.908013e-06
4.295123101699231e-09	0.9964636	0.083605886	0.0012379407	0.3586301	0.031376068	2.7456006e-05
4.3102151646382895e-09	0.9964538	0.083723165	0.0012782373	0.3586301	0.031376068	9.151411e-06
4.324820262378713e-09	0.9964582	0.083670415	0.0013557798	0.3586301	0.031376068	-2.8016084e-05
4.339425487654664e-09	0.99646777	0.08355564	0.0013296328	0.3586301	0.031376068	-9.8418695e-06
4.3540306787734126e-09	0.9964645	0.08359472	0.001258563	0.3586301	0.031376068	2.8064424e-05
4.369122655579444e-09	0.9964557	0.08370092	0.001280292	0.3586301	0.031376068	9.068057e-06
4.3837275591457594e-09	0.99645954	0.08365498	0.0013379913	0.3586301	0.031376068	-2.8632872e-05
4.3983329267466594e-09	0.9964674	0.08356025	0.0013062069	0.3586301	0.031376068	-9.772894e-06
4.412938156817981e-09	0.9964626	0.08361707	0.0012496314	0.3586301	0.031376068	2.8693725e-05
4.4275431730820275e-09	0.99645394	0.08371927	0.0012921434	0.3586301	0.031376068	1.0486685e-05
4.442635340465247e-09	0.99645954	0.08365372	0.0013627365	0.3586301	0.031376068	-2.9271661e-05
4.4572407223459795e-09	0.9964692	0.083539076	0.0013185393	0.3586301	0.031376068	-9.6993235e-06
4.471846079464347e-09	0.9964644	0.08359625	0.0012394278	0.3586301	0.031376068	2.9345723e-05
4.486451423546517e-09	0.99645436	0.083716236	0.001269684	0.3586301	0.031376068	1.0426959e-05
4.501056908308183e-09	0.9964579	0.08367299	0.0013455822	0.3586301	0.031376068	-2.9407676e-05
4.516148885445641e-09	0.9964675	0.08355924	0.0013223715	0.3586301	0.031376068	-9.620861e-06
4.530754038225947e-09	0.9964636	0.08360591	0.0012587932	0.3586301	0.031376068	3.002129e-05
4.545358948205652e-09	0.996455	0.08370724	0.0012892237	0.3586301	0.031376068	1.03663e-05
4.5599642097351235e-09	0.9964598	0.0836512	0.0013486597	0.3586301	0.031376068	-3.0096302e-05
4.574569246183686e-09	0.9964687	0.08354565	0.0013070375	0.3586301	0.031376068	-1.1121062e-05
4.589661368650686e-09	0.996463	0.08361228	0.0012368832	0.3586301	0.031376068	3.072114e-05
4.604266395539619e-09	0.9964531	0.08372909	0.001282799	0.3586301	0.031376068	1.0302567e-05
4.6188717776608605e-09	0.99645835	0.08366761	0.0013626695	0.3586301	0.031376068	-3.081104e-05
4.633476844402937e-09	0.9964689	0.083543085	0.0013278459	0.3586301	0.031376068	-1.1073846e-05
4.648081979494008e-09	0.9964648	0.083591715	0.0012477323	0.3586301	0.031376068	3.0888128e-05
4.663173942171022e-09	0.99645454	0.0837127	0.0012747949	0.3586301	0.031376068	1.0234998e-05
4.677779216140027e-09	0.99645865	0.08366326	0.0013441116	0.3586301	0.031376068	-3.1553038e-05
4.692384184571089e-09	0.996468	0.083554305	0.0013130984	0.3586301	0.031376068	-1.1024598e-05
4.706989125257444e-09	0.9964633	0.083611056	0.0012491791	0.3586301	0.031376068	3.1645308e-05
4.721594258435529e-09	0.99645376	0.08372218	0.0012905162	0.3586301	0.031376068	1.18262715e-05
4.7366860758705366e-09	0.9964595	0.083653785	0.0013621825	0.3586301	0.031376068	-3.232354e-05
4.751291130278453e-09	0.9964696	0.08353364	0.0013147191	0.3586301	0.031376068	-1.0973693e-05
4.765896157846148e-09	0.9964642	0.08359918	0.001233517	0.3586301	0.031376068	3.243252e-05
4.780501388332906e-09	0.99645334	0.08372869	0.0012726578	0.3586301	0.031376068	1.1793835e-05
4.795593142276698e-09	0.9964582	0.0836702	0.0013575352	0.3586301	0.031376068	-3.3125358e-05
4.810197982327372e-09	0.9964686	0.083545744	0.0013248743	0.3586301	0.031376068	-1.0919991e-05
4.824803040369128e-09	0.9964642	0.08359958	0.0012497321	0.3586301	0.031376068	3.3251716e-05
4.839408248082886e-09	0.99645424	0.083717294	0.0012829308	0.3586301	0.031376068	1.1759955e-05
4.854013065423461e-09	0.99645895	0.08365853	0.0013529217	0.3586301	0.031376068	-3.336541e-05
4.869104975327172e-09	0.9964692	0.083538994	0.0013083002	0.3586301	0.031376068	-1.0862478e-05
4.883709899738809e-09	0.99646336	0.083610095	0.0012353469	0.3586301	0.031376068	3.4105222e-05
4.898315052414919e-09	0.99645275	0.0837358	0.0012842858	0.3586301	0.031376068	1.1723784e-05
4.912919858772132e-09	0.99645835	0.08366679	0.0013683994	0.3586301	0.031376068	-3.4237688e-05
4.927524999479601e-09	0.9964698	0.083531044	0.0013260077	0.3586301	0.031376068	-1.2599702e-05
4.942616818739471e-09	0.99646455	0.08359524	0.0012366264	0.3586301	0.031376068	3.4995515e-05
4.95722204609436e-09	0.99645334	0.08372734	0.0012736897	0.3586301	0.031376068	1.1684273e-05
4.9718268572546685e-09	0.9964582	0.083668634	0.0013549399	0.3586301	0.031376068	-3.5148274e-05
4.986432093118406e-09	0.996469	0.08354138	0.0013189998	0.3586301	0.031376068	-1.2582342e-05
5.001037217147909e-09	0.99646395	0.08360278	0.0012421595	0.3586301	0.031376068	3.528856e-05
5.0161292534606e-09	0.9964529	0.08373209	0.001288315	0.3586301	0.031376068	1.1641107e-05
5.0307341531262805e-09	0.99645895	0.0836584	0.0013666012	0.3586301	0.031376068	-3.610002e-05
5.045339211364234e-09	0.9964703	0.08352494	0.0013163288	0.3586301	0.031376068	-1.2563024e-05
5.059944232053696e-09	0.99646455	0.083596766	0.0012277095	0.3586301	0.031376068	3.6261754e-05
5.0745490551485294e-09	0.99645233	0.083740056	0.0012721275	0.3586301	0.031376068	1.3501774e-05
5.089640900465917e-09	0.99645793	0.0836717	0.001367088	0.3586301	0.031376068	-3.709481e-05
5.104245977467015e-09	0.9964698	0.083531044	0.0013264884	0.3586301	0.031376068	-1.2543122e-05
5.118850948950695e-09	0.9964648	0.0835941	0.0012390469	0.3586301	0.031376068	3.727993e-05
5.133455824117504e-09	0.9964531	0.08373103	0.0012774465	0.3586301	0.031376068	1.3507629e-05
5.1480610794467104e-09	0.99645835	0.08366671	0.0013608802	0.3586301	0.031376068	-3.7452268e-05
5.163152790254398e-09	0.9964701	0.08352698	0.0013134084	0.3586301	0.031376068	-1.2521005e-05
5.177757786648184e-09	0.9964639	0.08360367	0.0012287671	0.3586301	0.031376068	3.8347145e-05
5.192362589886232e-09	0.9964519	0.08374634	0.0012804006	0.3586301	0.031376068	1.3512702e-05
5.206967726788796e-09	0.99645793	0.083671786	0.0013745202	0.3586301	0.031376068	-3.8544702e-05
5.2220594694122245e-09	0.996471	0.08351724	0.0013241069	0.3586301	0.031376068	-1.2497284e-05
5.236664429358322e-09	0.99646497	0.08359126	0.0012275922	0.3586301	0.031376068	3.9466777e-05
5.251269274797304e-09	0.99645233	0.083741404	0.0012706922	0.3586301	0.031376068	1.3517286e-05
5.2658746131243276e-09	0.99645776	0.08367463	0.0013642521	0.3586301	0.031376068	-3.9692255e-05
5.280479445963313e-09	0.99647	0.08352804	0.0013237355	0.3586301	0.031376068	-1.4556336e-05
5.2955713774803815e-09	0.9964641	0.08360169	0.0012324866	0.3586301	0.031376068	4.064376e-05
5.310176265520256e-09	0.9964519	0.08374542	0.0012832613	0.3586301	0.031376068	1.3519693e-05
5.324781563143844e-09	0.9964585	0.083665155	0.0013742405	0.3586301	0.031376068	-4.0899125e-05
5.3393865032118875e-09	0.9964713	0.083512686	0.0013205349	0.3586301	0.031376068	-1.4589701e-05
5.353991513664186e-09	0.9964649	0.08359097	0.001220488	0.3586301	0.031376068	4.114187e-05
5.369083461495946e-09	0.99645114	0.08375577	0.0012728189	0.3586301	0.031376068	1.352021e-05
5.383688798721388e-09	0.99645746	0.08367763	0.0013759717	0.3586301	0.031376068	-4.2170606e-05
5.398293735951877e-09	0.9964709	0.08351702	0.0013305503	0.3586301	0.031376068	-1.46229595e-05
5.412898704394253e-09	0.9964651	0.083587624	0.001230617	0.3586301	0.031376068	4.2446245e-05
5.4275038986005516e-09	0.99645203	0.08374448	0.0012734415	0.3586301	0.031376068	1.575059e-05
5.4425958395853615e-09	0.99645835	0.08366718	0.0013706968	0.3586301	0.031376068	-4.3511503e-05
5.457200913331534e-09	0.9964713	0.083513096	0.0013174517	0.3586301	0.031376068	-1.4657201e-05
5.471806079324507e-09	0.9964644	0.08359797	0.0012204348	0.3586301	0.031376068	4.3823595e-05
5.486411379918137e-09	0.9964507	0.08376083	0.0012775185	0.3586301	0.031376068	1.5820055e-05
5.501016278612562e-09	0.9964576	0.08367702	0.0013840427	0.3586301	0.031376068	-4.4124183e-05
5.516108260631729e-09	0.9964722	0.083501115	0.001328027	0.3586301	0.031376068	-1.46914645e-05
5.53071315986513e-09	0.9964654	0.0835846	0.0012174558	0.3586301	0.031376068	4.5279674e-05
5.54531844209852e-09	0.9964509	0.083757326	0.0012661474	0.3586301	0.031376068	1.589445e-05
5.55992341990378e-09	0.99645716	0.083681785	0.0013737129	0.3586301	0.031376068	-4.562037e-05
5.575015333745295e-09	0.9964715	0.08351025	0.0013247094	0.3586301	0.031376068	-1.4727986e-05
5.589620311201342e-09	0.99646455	0.08359513	0.0012239991	0.3586301	0.031376068	4.6822443e-05
5.6042254190452264e-09	0.9964507	0.08376048	0.0012803323	0.3586301	0.031376068	1.5972615e-05
5.6188302456878605e-09	0.9964582	0.08366975	0.0013837523	0.3586301	0.031376068	-4.7206464e-05
5.633435345039107e-09	0.99647284	0.083495185	0.0013219961	0.3586301	0.031376068	-1.7249695e-05
5.648527084376391e-09	0.9964648	0.083592646	0.0012067622	0.3586301	0.031376068	4.8459442e-05
5.663132159902439e-09	0.9964494	0.08377528	0.0012699455	0.3586301	0.031376068	1.605574e-05
5.677736959522431e-09	0.9964569	0.0836843	0.0013891975	0.3586301	0.031376068	-4.8891623e-05
5.692341959015625e-09	0.9964726	0.08349687	0.0013355635	0.3586301	0.031376068	-1.737996e-05
5.706946815809413e-09	0.99646586	0.083578885	0.0012180585	0.3586301	0.031376068	4.931482e-05
5.722038593288945e-09	0.9964503	0.083765276	0.0012713119	0.3586301	0.031376068	1.6144748e-05
5.7366433549392e-09	0.99645776	0.08367458	0.0013806318	0.3586301	0.031376068	-5.0685467e-05
5.751248456494685e-09	0.99647284	0.08349547	0.0013205764	0.3586301	0.031376068	-1.7518272e-05
5.765853477192728e-09	0.9964648	0.083592944	0.0012091594	0.3586301	0.031376068	5.116384e-05
5.780458266269165e-09	0.9964487	0.083781585	0.0012761378	0.3586301	0.031376068	1.893075e-05
5.795550166580584e-09	0.99645776	0.08367469	0.0013999657	0.3586301	0.031376068	-5.2600717e-05
5.810155237731937e-09	0.9964743	0.08347708	0.001329807	0.3586301	0.031376068	-1.7663262e-05
5.824760218051056e-09	0.996466	0.08357769	0.0012000832	0.3586301	0.031376068	5.313968e-05
5.839364977929966e-09	0.9964487	0.08378302	0.0012602306	0.3586301	0.031376068	1.9132727e-05
5.853970131739691e-09	0.99645615	0.083693035	0.0013903647	0.3586301	0.031376068	-5.3672487e-05
5.869061790109805e-09	0.99647343	0.083487295	0.0013316784	0.3586301	0.031376068	-1.7818687e-05
5.883666651491049e-09	0.99646527	0.08358525	0.0012108124	0.3586301	0.031376068	5.5255496e-05
5.89827140110497e-09	0.9964487	0.08378199	0.0012749806	0.3586301	0.031376068	1.9349798e-05
5.9128765107108144e-09	0.99645746	0.08367738	0.0013969117	0.3586301	0.031376068	-5.5857974e-05
5.92748130228053e-09	0.9964749	0.083471514	0.0013249681	0.3586301	0.031376068	-2.0927238e-05
5.942573234213966e-09	0.9964652	0.08358844	0.0011901609	0.3586301	0.031376068	5.752824e-05
5.957178041651081e-09	0.9964469	0.08380395	0.0012682339	0.3586301	0.031376068	1.958064e-05
5.971783200019502e-09	0.99645615	0.08369216	0.0014103287	0.3586301	0.031376068	-5.8209233e-05
5.9863880438636e-09	0.9964754	0.08346557	0.001342538	0.3586301	0.031376068	-2.1227743e-05
6.001479988563099e-09	0.9964663	0.08357431	0.0011958217	0.3586301	0.031376068	5.997656e-05
6.016084855419596e-09	0.99644774	0.083794944	0.0012621966	0.3586301	0.031376068	1.9827221e-05
6.03068996362341e-09	0.99645656	0.08368817	0.001398099	0.3586301	0.031376068	-6.074575e-05
6.045294736691554e-09	0.99647504	0.08346913	0.0013294974	0.3586301	0.031376068	-2.1551332e-05
6.059899612589216e-09	0.9964658	0.08358128	0.0011941093	0.3586301	0.031376068	6.151678e-05
6.074991355402659e-09	0.9964463	0.083810806	0.0012772989	0.3586301	0.031376068	2.009481e-05
6.089596444144542e-09	0.99645716	0.083681285	0.001418711	0.3586301	0.031376068	-6.349007e-05
6.104201204457433e-09	0.9964771	0.08344429	0.0013325567	0.3586301	0.031376068	-2.1902197e-05
6.1188060600742206e-09	0.996467	0.083568476	0.0011763383	0.3586301	0.031376068	6.436496e-05
6.133411095669504e-09	0.9964456	0.08381959	0.0012528434	0.3586301	0.031376068	2.3776736e-05
6.1485028642467795e-09	0.9964557	0.08369805	0.0014175397	0.3586301	0.031376068	-6.6470115e-05
6.1631077693636595e-09	0.99647665	0.083450176	0.0013427809	0.3586301	0.031376068	-2.2281734e-05
6.177712759291722e-09	0.996467	0.083567955	0.0011885047	0.3586301	0.031376068	6.746428e-05
6.1923179112161925e-09	0.99644613	0.08381456	0.0012626651	0.3586301	0.031376068	2.4252677e-05
6.2069227339915975e-09	0.99645597	0.08369324	0.0014148724	0.3586301	0.031376068	-6.8471854e-05
6.222014648548859e-09	0.99647784	0.08343663	0.0013262309	0.3586301	0.031376068	-2.2692358e-05
6.236619754822879e-09	0.99646616	0.08357809	0.0011692895	0.3586301	0.031376068	7.085019e-05
6.251224954999147e-09	0.9964438	0.083841205	0.0012638583	0.3586301	0.031376068	2.4770146e-05
6.265829780405777e-09	0.99645513	0.08370287	0.0014363438	0.3586301	0.031376068	-7.200109e-05
6.280435037118935e-09	0.99647886	0.08342298	0.0013494904	0.3586301	0.031376068	-2.6938307e-05
6.295526938116942e-09	0.9964676	0.08356014	0.0011648707	0.3586301	0.031376068	7.456475e-05
6.3101321870708336e-09	0.9964439	0.08384042	0.0012502978	0.3586301	0.031376068	2.5335725e-05
6.324737076984074e-09	0.9964547	0.083708026	0.0014263199	0.3586301	0.031376068	-7.5881966e-05
6.339342394317933e-09	0.99647844	0.0834275	0.001343905	0.3586301	0.031376068	-2.7633489e-05
6.3539474775776995e-09	0.9964675	0.08356161	0.0011705058	0.3586301	0.031376068	7.7231656e-05
6.369039419053065e-09	0.9964429	0.08385209	0.0012666673	0.3586301	0.031376068	2.5958634e-05
6.383644390404595e-09	0.9964557	0.083695926	0.0014434875	0.3586301	0.031376068	-8.016989e-05
6.398249778646652e-09	0.9964808	0.083399795	0.001338863	0.3586301	0.031376068	-2.8401146e-05
6.412854920966238e-09	0.996468	0.08355561	0.0011463214	0.3586301	0.031376068	8.172593e-05
6.427947001507873e-09	0.9964409	0.08387594	0.0012536239	0.3586301	0.031376068	2.6645339e-05
6.442551931605132e-09	0.99645424	0.08371356	0.0014539951	0.3586301	0.031376068	-8.4934196e-05
6.45715726766896e-09	0.99648124	0.08339366	0.0013543861	0.3586301	0.031376068	-2.9253033e-05
6.471762508269167e-09	0.9964688	0.08354634	0.0011519965	0.3586301	0.031376068	8.673393e-05
6.486367635626083e-09	0.9964415	0.08386982	0.001247124	0.3586301	0.031376068	3.1997675e-05
6.501459789897651e-09	0.99645495	0.083704986	0.0014511326	0.3586301	0.031376068	-9.026028e-05
6.516065254882593e-09	0.99648225	0.083382145	0.001339856	0.3586301	0.031376068	-3.020067e-05
6.5306705007306105e-09	0.99646777	0.08355858	0.0011364635	0.3586301	0.031376068	9.2351176e-05
6.545275554339622e-09	0.9964391	0.08389874	0.001254735	0.3586301	0.031376068	3.315283e-05
6.559880983269166e-09	0.99645376	0.08372003	0.001474379	0.3586301	0.031376068	-9.452867e-05
6.574972956218354e-09	0.99648464	0.083352484	0.0013495609	0.3586301	0.031376068	-3.127072e-05
6.58957811666944e-09	0.9964692	0.0835422	0.0011197675	0.3586301	0.031376068	9.8694334e-05
6.604183052609708e-09	0.99643785	0.08391337	0.0012386469	0.3586301	0.031376068	3.446329e-05
6.61878830496952e-09	0.9964526	0.08373255	0.001474999	0.3586301	0.031376068	-0.000101250305
6.63339321183327e-09	0.99648464	0.08335207	0.0013611283	0.3586301	0.031376068	-3.785646e-05
6.6484851881267746e-09	0.9964689	0.08354622	0.0011199884	0.3586301	0.031376068	0.00010591536
6.66309014566836e-09	0.9964366	0.083927944	0.0012500276	0.3586301	0.031376068	3.5962195e-05
6.677695470074508e-09	0.9964535	0.08372218	0.0014906878	0.3586301	0.031376068	-0.00010893791
6.692300473158252e-09	0.99648744	0.08332016	0.0013527846	0.3586301	0.031376068	-3.9666476e-05
6.706905651681946e-09	0.9964701	0.083530225	0.0010941499	0.3586301	0.031376068	0.00011213325
6.7219975351213276e-09	0.9964337	0.083964564	0.0012431914	0.3586301	0.031376068	3.7684407e-05
6.736602826039776e-09	0.9964522	0.08373729	0.0015139813	0.3586301	0.031376068	-0.00011781971
6.751207816918232e-09	0.99648947	0.08329487	0.001368531	0.3586301	0.031376068	-4.1760795e-05
6.765812982225886e-09	0.9964714	0.08351514	0.001085239	0.3586301	0.031376068	0.000121656914
6.780418116782361e-09	0.99643266	0.08397527	0.001226007	0.3586301	0.031376068	4.6152592e-05
6.795510136979735e-09	0.99645215	0.08373803	0.0015200181	0.3586301	0.031376068	-0.00012819856
6.810115125817239e-09	0.9964914	0.08327208	0.0013609898	0.3586301	0.031376068	-4.421507e-05
6.824720204400922e-09	0.9964709	0.0835218	0.0010658264	0.3586301	0.031376068	0.00013285685
6.839325371241707e-09	0.9964293	0.0840148	0.0012332391	0.3586301	0.031376068	4.9125003e-05
6.854417196434886e-09	0.99645215	0.083738424	0.0015531924	0.3586301	0.031376068	-0.0001404899
6.869022072853419e-09	0.9964953	0.08322444	0.0013662992	0.3586301	0.031376068	-4.713688e-05
6.8836271210323716e-09	0.9964722	0.08350666	0.0010338267	0.3586301	0.031376068	0.00014622079
6.898232347916777e-09	0.9964258	0.08405547	0.0012178352	0.3586301	0.031376068	5.2689626e-05
6.912837264051232e-09	0.99644893	0.08377696	0.0015708206	0.3586301	0.031376068	-0.00015246209
6.927929335936432e-09	0.9964982	0.08319073	0.0013748234	0.3586301	0.031376068	-5.0662045e-05
6.942534460927585e-09	0.99647284	0.083500765	0.001016029	0.3586301	0.031376068	0.00016245221
6.95713974127865e-09	0.9964224	0.08409582	0.001221343	0.3586301	0.031376068	5.70309e-05
6.971744620713901e-09	0.99644893	0.083775975	0.0016008292	0.3586301	0.031376068	-0.00017035191
6.986349892576141e-09	0.9965024	0.08313984	0.0013852764	0.3586301	0.031376068	-6.4115826e-05
7.00144176381881e-09	0.996473	0.083497025	0.0009709238	0.3586301	0.031376068	0.00018258582
7.016046902236954e-09	0.99641657	0.08416599	0.0012156327	0.3586301	0.031376068	6.245161e-05
7.030651718213679e-09	0.9964473	0.08379418	0.0016488396	0.3586301	0.031376068	-0.00019281634
7.045256929360214e-09	0.99650824	0.083070554	0.001401495	0.3586301	0.031376068	-7.084801e-05
7.059862053291992e-09	0.9964773	0.0834464	0.00093422126	0.3586301	0.031376068	0.00020434507
7.074954090084174e-09	0.99641067	0.084234536	0.0012048631	0.3586301	0.031376068	6.940606e-05
7.089558949278283e-09	0.99644613	0.08380721	0.0016907781	0.3586301	0.031376068	-0.00022187945
7.104164140084063e-09	0.996515	0.082990184	0.0014022646	0.3586301	0.031376068	-7.9627025e-05
7.118769152347526e-09	0.99647814	0.08343802	0.0008772039	0.3586301	0.031376068	0.00023757285
7.133374137608669e-09	0.99640274	0.084328905	0.001184372	0.3586301	0.031376068	9.1485366e-05
7.148466068766132e-09	0.996445	0.083819	0.0017682764	0.3586301	0.031376068	-0.00026095664
7.1630712975134915e-09	0.9965256	0.082861885	0.0014104731	0.3586301	0.031376068	-9.156718e-05
7.177676297854044e-09	0.99648046	0.08341016	0.00078827376	0.3586301	0.031376068	0.0002833271
7.192281197400731e-09	0.9963906	0.08447166	0.0011651312	0.3586301	0.031376068	0.00010697081
7.206886349151327e-09	0.9964385	0.083894305	0.0018549426	0.3586301	0.031376068	-0.00031017224
7.221978089037185e-09	0.9965393	0.082698666	0.0014233364	0.3586301	0.031376068	-0.00010876677
7.23658307663891e-09	0.99648285	0.08338318	0.0006787344	0.3586301	0.031376068	0.00035034952
7.251188019838367e-09	0.9963734	0.0846739	0.0011607701	0.3586301	0.031376068	0.0001301058
7.265793263388328e-09	0.99643576	0.08392212	0.0019995898	0.3586301	0.031376068	-0.00039308245
7.28088505683332e-09	0.99656135	0.08243015	0.0014189997	0.3586301	0.031376068	-0.000135654
7.2954900390105185e-09	0.99648535	0.08335475	0.00048311448	0.3586301	0.031376068	0.0004580086
7.310094960682316e-09	0.9963435	0.085025825	0.0011559911	0.3586301	0.031376068	0.00016840127
7.324700140006719e-09	0.99643105	0.08397267	0.0022534616	0.3586301	0.031376068	-0.0005351693
7.339305060910187e-09	0.99659806	0.08198531	0.001469177	0.3586301	0.031376068	-0.00021376816
7.354397093590695e-09	0.9964887	0.08331572	0.00014735338	0.3586301	0.031376068	0.00065939984
7.369002049012616e-09	0.9962876	0.08567771	0.0011805603	0.3586301	0.031376068	0.00024406312
7.383607265252623e-09	0.99642724	0.084003866	0.0027347952	0.3586301	0.031376068	-0.0008350666
7.39821207333507e-09	0.9966802	0.08098414	0.0013887455	0.3586301	0.031376068	-0.00034290276
7.412817224504676e-09	0.9964963	0.08322359	-0.0006078396	0.3586301	0.031376068	0.0011437659
7.427909048807146e-09	0.99613494	0.08742914	0.001461052	0.3586301	0.031376068	0.00046409143
7.44251424100946e-09	0.9964473	0.0837089	0.0041030473	0.3586301	0.031376068	-0.001884473
7.457119168494623e-09	0.99698114	0.07720178	0.00047798132	0.3586301	0.031376068	-0.00093969406
7.47172434418574e-09	0.9963266	0.085157454	-0.0035512776	0.3586301	0.031376068	0.0049194745
7.48632946246071e-09	0.99421954	0.10670996	0.008409834	0.3586301	0.031376068	0.009792351
7.5014211215835e-09	0.9929592	0.11209207	0.037415255	0.3586301	0.031376068	0.0075636846
7.516025742305313e-09	0.9953748	0.080373004	0.052010585	0.3586301	0.031376068	0.0011287368
7.530630976074664e-09	0.99887556	0.038295124	0.026720988	0.3586301	0.031376068	-0.002157618
7.545236943256009e-09	0.9990947	0.03368448	-0.02425828	0.3586301	0.031376068	-0.00056971854
7.559842809403559e-09	0.99547976	0.07697867	-0.05458389	0.3586301	0.031376068	0.0012501284
7.574935686212024e-09	0.99119616	0.12770522	-0.033073258	0.3586301	0.031376068	0.0003395081
7.589541222876282e-09	0.99056584	0.1353375	0.018590802	0.3586301	0.031376068	-0.00088805874
7.604146851415223e-09	0.99371237	0.098000765	0.05323025	0.3586301	0.031376068	-0.00026949568
7.618752151781638e-09	0.9977369	0.050938092	0.042731714	0.3586301	0.031376068	0.000682006
7.633358192380725e-09	0.9993854	0.03289487	-0.0016008258	0.3586301	0.031376068	0.00022783436
7.648451149611292e-09	0.9972767	0.057761695	-0.043523066	0.3586301	0.031376068	-0.00056034455
7.663057250717526e-09	0.9934217	0.10353076	-0.046310794	0.3586301	0.031376068	-0.00017320774
7.677662653002696e-09	0.99090415	0.13335848	-0.008804035	0.3586301	0.031376068	0.00046986892
7.692268167943224e-09	0.9918176	0.1211343	0.03768985	0.3586301	0.031376068	0.00015759104
7.70736025839857e-09	0.99577254	0.074045494	0.05259932	0.3586301	0.031376068	-0.00040993193
7.721966077801591e-09	0.99898165	0.03629725	0.021852063	0.3586301	0.031376068	-0.00012580543
7.73657200065686e-09	0.99866545	0.04057002	-0.026233599	0.3586301	0.031376068	0.00035890788
7.751178209834721e-09	0.9952174	0.08164371	-0.049687702	0.3586301	0.031376068	0.000118979224
7.765784014957371e-09	0.99181205	0.12253963	-0.029200843	0.3586301	0.031376068	-0.00031853566
7.780876428527422e-09	0.99129087	0.12900217	0.017725173	0.3586301	0.031376068	-9.7521086e-05
7.79548162873208e-09	0.99394375	0.09700336	0.048361596	0.3586301	0.031376068	0.000290671
7.810087446948659e-09	0.99756825	0.054333914	0.039222647	0.3586301	0.031376068	9.4579824e-05
7.824693391766134e-09	0.99909985	0.03631405	-0.0016036117	0.3586301	0.031376068	-0.00026339607
7.839299305343356e-09	0.99720484	0.058422577	-0.039866623	0.3586301	0.031376068	-9.206738e-05
7.854392047182512e-09	0.993411	0.10344542	-0.042187836	0.3586301	0.031376068	0.00024446126
7.868997576818545e-09	0.99120855	0.12974142	-0.0064007547	0.3586301	0.031376068	7.772913e-05
7.883602741882959e-09	0.99236256	0.11597272	0.035263814	0.3586301	0.031376068	-0.0002247277
7.898207969520825e-09	0.99582595	0.074891455	0.046948105	0.3586301	0.031376068	-7.683273e-05
7.912813988896222e-09	0.99857885	0.04255212	0.019839989	0.3586301	0.031376068	0.00020762623
7.927906731510537e-09	0.9982637	0.046546847	-0.023148932	0.3586301	0.031376068	6.542405e-05
7.94251244299205e-09	0.9952995	0.081533656	-0.04324691	0.3586301	0.031376068	-0.00019610522
7.957117852444747e-09	0.99232864	0.11712507	-0.0257629	0.3586301	0.031376068	-6.540732e-05
7.971723554821307e-09	0.991749	0.12434524	0.013921946	0.3586301	0.031376068	0.00018286314
7.986328765137036e-09	0.99398714	0.097501256	0.042339444	0.3586301	0.031376068	6.5368244e-05
8.001421440414816e-09	0.99731123	0.057924382	0.03497118	0.3586301	0.031376068	-0.00017405339
8.016027330977021e-09	0.9986504	0.041850798	-0.001108369	0.3586301	0.031376068	-5.654163e-05
8.030633437643606e-09	0.99697053	0.061739396	-0.034465488	0.3586301	0.031376068	0.00016348112
8.045238759349855e-09	0.99378204	0.09950776	-0.03676799	0.3586301	0.031376068	5.6975063e-05
8.059844144498526e-09	0.99191266	0.12241437	-0.007042187	0.3586301	0.031376068	-0.00015391395
8.07493602939667e-09	0.9928917	0.11137984	0.029407438	0.3586301	0.031376068	-4.9469054e-05
8.089541876298233e-09	0.9956988	0.077765085	0.040052604	0.3586301	0.031376068	0.00014788585
8.104147601032857e-09	0.9980284	0.049962778	0.018471638	0.3586301	0.031376068	5.020453e-05
8.118753519320599e-09	0.9979725	0.050494853	-0.016698424	0.3586301	0.031376068	-0.00013997081
8.133359166504771e-09	0.99559325	0.07841943	-0.036268245	0.3586301	0.031376068	-5.085143e-05
8.148451317600663e-09	0.9928765	0.110924974	-0.023300128	0.3586301	0.031376068	0.00013507299
8.163056047464545e-09	0.99228495	0.11886109	0.010085535	0.3586301	0.031376068	4.4620323e-05
8.177661460239873e-09	0.9941163	0.097102016	0.03526741	0.3586301	0.031376068	-0.00012839797
8.192267157168393e-09	0.9968088	0.06458519	0.031372264	0.3586301	0.031376068	-4.5459947e-05
8.207359842022543e-09	0.9981104	0.04900431	0.0015834313	0.3586301	0.031376068	0.00012434933
8.22196516582587e-09	0.9968832	0.0635536	-0.026732367	0.3586301	0.031376068	3.9922386e-05
8.236570588419753e-09	0.99432164	0.093787715	-0.03108333	0.3586301	0.031376068	-0.000118645876
8.251175721266541e-09	0.9926743	0.11450087	-0.008858389	0.3586301	0.031376068	-4.089203e-05
8.265780748025586e-09	0.99314135	0.10968159	0.020970253	0.3586301	0.031376068	0.00011331659
8.280873283495264e-09	0.99534124	0.082791954	0.033909064	0.3586301	0.031376068	3.5933004e-05
8.295479154241784e-09	0.9974314	0.05742516	0.01904428	0.3586301	0.031376068	-0.0001103083
8.310084729613235e-09	0.99769914	0.05411507	-0.010118646	0.3586301	0.031376068	-3.6971804e-05
8.324689897947494e-09	0.9958768	0.07545899	-0.029271558	0.3586301	0.031376068	0.0001056696
8.339295236196283e-09	0.99361056	0.10287153	-0.022721449	0.3586301	0.031376068	3.7933252e-05
8.354386983148932e-09	0.99285626	0.11337935	0.0043443753	0.3586301	0.031376068	-0.00010309568
8.36899248252599e-09	0.9940803	0.0986694	0.027329963	0.3586301	0.031376068	-3.358754e-05
8.383597909686588e-09	0.996222	0.07229766	0.028416013	0.3586301	0.031376068	9.901816e-05
8.39820365720705e-09	0.99760056	0.055772845	0.007654425	0.3586301	0.031376068	3.459508e-05
8.41280869356243e-09	0.9970514	0.06208894	-0.01773173	0.3586301	0.031376068	-9.5154035e-05
8.42790055471017e-09	0.99498767	0.08650905	-0.027247962	0.3586301	0.031376068	-3.062244e-05
8.442505212084084e-09	0.9933324	0.107646726	-0.012740669	0.3586301	0.031376068	9.3179275e-05
8.457110667892773e-09	0.99327207	0.10905218	0.013078637	0.3586301	0.031376068	3.1674575e-05
8.471716091282911e-09	0.99482363	0.08955095	0.02884174	0.3586301	0.031376068	-8.9738205e-05
8.486321504268855e-09	0.9968115	0.06528805	0.021821236	0.3586301	0.031376068	-3.264395e-05
8.501413542386634e-09	0.997533	0.056678284	-0.0026160197	0.3586301	0.031376068	8.801632e-05
8.516018764547238e-09	0.9963194	0.070874944	-0.02284237	0.3586301	0.031376068	2.9076873e-05
8.530623614892907e-09	0.9943773	0.09484392	-0.02318184	0.3586301	0.031376068	-8.4928906e-05
8.545228740488458e-09	0.99329627	0.10931477	-0.0037397672	0.3586301	0.031376068	-3.0077457e-05
8.559834472947295e-09	0.99377	0.10317576	0.019515324	0.3586301	0.031376068	8.19742e-05
8.574926861988433e-09	0.9955883	0.08037064	0.027802225	0.3586301	0.031376068	2.6758922e-05
8.589532051702684e-09	0.9972417	0.060487077	0.014005978	0.3586301	0.031376068	-8.063089e-05
8.604136992122155e-09	0.9972999	0.059538357	-0.010283567	0.3586301	0.031376068	-2.7771372e-05
8.61874195240551e-09	0.99572814	0.07849155	-0.025234988	0.3586301	0.031376068	7.795391e-05
8.633833702862787e-09	0.9938748	0.102200605	-0.017715674	0.3586301	0.031376068	2.4688075e-05
8.648438996564717e-09	0.9932816	0.10977206	0.005579145	0.3586301	0.031376068	-7.675965e-05
8.663044398751428e-09	0.9943438	0.0959135	0.025213785	0.3586301	0.031376068	-2.5701507e-05
8.677649801200706e-09	0.99630326	0.071986325	0.025316514	0.3586301	0.031376068	7.432737e-05
8.692254604063491e-09	0.9975103	0.057536107	0.0058932956	0.3586301	0.031376068	2.6657985e-05
8.707346350662052e-09	0.99689144	0.064865604	-0.018117707	0.3586301	0.031376068	-7.325815e-05
8.721951174437075e-09	0.9950676	0.087696955	-0.025685435	0.3586301	0.031376068	-2.3832441e-05
8.736556519311296e-09	0.9935036	0.10761049	-0.011033518	0.3586301	0.031376068	7.1034876e-05
8.751161764531727e-09	0.99339765	0.10809698	0.014087865	0.3586301	0.031376068	2.4789311e-05
8.765767067804341e-09	0.9949899	0.088015184	0.028954841	0.3586301	0.031376068	-6.8882204e-05
8.780858779513354e-09	0.9970502	0.06319504	0.020373639	0.3586301	0.031376068	-2.2125983e-05
8.795463673314268e-09	0.9976393	0.05616927	-0.0043996987	0.3586301	0.031376068	6.803511e-05
8.810068198620727e-09	0.9963688	0.07197863	-0.024762226	0.3586301	0.031376068	2.3090695e-05
8.824673525729703e-09	0.994351	0.09744142	-0.02362684	0.3586301	0.031376068	-6.6054046e-05
8.839279128267842e-09	0.9931726	0.11175816	-0.0017672328	0.3586301	0.031376068	-2.3992568e-05
8.854371451984533e-09	0.9938525	0.10236848	0.023535317	0.3586301	0.031376068	6.529048e-05
8.868976408706977e-09	0.9959297	0.07694754	0.029902188	0.3586301	0.031376068	2.152319e-05
8.883581539210342e-09	0.9976425	0.05642999	0.012453733	0.3586301	0.031376068	-6.346354e-05
8.89818643755141e-09	0.9975068	0.05840476	-0.014904047	0.3586301	0.031376068	-2.2430164e-05
8.912791327838877e-09	0.9956372	0.08178942	-0.029194804	0.3586301	0.031376068	6.168203e-05
8.927883644611185e-09	0.99353266	0.10775845	-0.017113062	0.3586301	0.031376068	2.0088859e-05
8.942489164656503e-09	0.9930536	0.11274773	0.010772586	0.3586301	0.031376068	-6.107731e-05
8.957094437800844e-09	0.9946106	0.093140565	0.031028518	0.3586301	0.031376068	-2.0987016e-05
8.971699206147488e-09	0.99692714	0.06521068	0.02653352	0.3586301	0.031376068	5.9425754e-05
8.986304052091695e-09	0.9980266	0.05245394	0.00069132267	0.3586301	0.031376068	2.184803e-05
9.001395677781478e-09	0.9969157	0.06654989	-0.02569834	0.3586301	0.031376068	-5.8870075e-05
9.016001105865278e-09	0.99459237	0.09520159	-0.028733084	0.3586301	0.031376068	-1.9661904e-05
9.030606349250107e-09	0.99295884	0.114703126	-0.0063616238	0.3586301	0.031376068	5.7335794e-05
9.045211721406788e-09	0.9934029	0.10826333	0.022974506	0.3586301	0.031376068	2.0512996e-05
9.060303503295935e-09	0.99575186	0.07947016	0.034320395	0.3586301	0.031376068	-5.6826422e-05
9.07490821168951e-09	0.9978723	0.05430459	0.016874984	0.3586301	0.031376068	-1.843115e-05
9.089512844904652e-09	0.99797	0.05394722	-0.01419342	0.3586301	0.031376068	5.539405e-05
9.104118271637692e-09	0.99594736	0.07889229	-0.03246731	0.3586301	0.031376068	1.928034e-05
9.118723689391503e-09	0.99355155	0.10796857	-0.022181135	0.3586301	0.031376068	-5.3990727e-05
9.133815943165434e-09	0.9927926	0.1164858	0.009219273	0.3586301	0.031376068	-1.7283537e-05
9.148420866828023e-09	0.99437	0.096552856	0.0334342	0.3586301	0.031376068	5.358886e-05
9.163025983917272e-09	0.99697214	0.06525797	0.03068895	0.3586301	0.031376068	1.8126422e-05
9.177630628252345e-09	0.9983874	0.04907192	0.0028559421	0.3586301	0.031376068	-5.2273786e-05
9.192235888657568e-09	0.9973478	0.062203325	-0.026807142	0.3586301	0.031376068	-1.8932868e-05
9.207328318681702e-09	0.9946434	0.094917975	-0.03250735	0.3586301	0.031376068	5.190228e-05
9.221934057967223e-09	0.992757	0.11745734	-0.008574939	0.3586301	0.031376068	1.7047583e-05
9.23653925281918e-09	0.99319696	0.11125376	0.024053771	0.3586301	0.031376068	-5.0671722e-05
9.25114436868523e-09	0.99564564	0.08126448	0.03744675	0.3586301	0.031376068	-1.7846189e-05
9.265749440819606e-09	0.9980494	0.0530705	0.02006298	0.3586301	0.031376068	4.945728e-05
9.280841647342658e-09	0.998275	0.051360708	-0.014497214	0.3586301	0.031376068	1.6040942e-05
9.295447351423198e-09	0.99609816	0.077638686	-0.03484173	0.3586301	0.031376068	-4.9169226e-05
9.310053165067804e-09	0.99348974	0.10905	-0.024518045	0.3586301	0.031376068	-1.6826772e-05
9.32465890924531e-09	0.99261343	0.11913683	0.0079297535	0.3586301	0.031376068	4.802953e-05
9.339263985887933e-09	0.99420065	0.0990289	0.034963597	0.3586301	0.031376068	1.7583745e-05
9.354355866897641e-09	0.99710304	0.064350605	0.032790393	0.3586301	0.031376068	-4.7758454e-05
9.368961026638167e-09	0.99863625	0.046991907	0.0031294145	0.3586301	0.031376068	-1.5874635e-05
9.383566814104515e-09	0.99749154	0.0611174	-0.028309038	0.3586301	0.031376068	4.6684003e-05
9.398172438604557e-09	0.99470216	0.09447256	-0.034484025	0.3586301	0.031376068	1.6623057e-05
9.41277818500687e-09	0.99271375	0.11844241	-0.010017605	0.3586301	0.031376068	-4.56218e-05
9.427870151249485e-09	0.99317753	0.11204436	0.02500273	0.3586301	0.031376068	-1.4972922e-05
9.442475341483742e-09	0.9957158	0.08109986	0.038606096	0.3586301	0.031376068	4.5416982e-05
9.457080160104949e-09	0.99820167	0.052220378	0.0204806	0.3586301	0.031376068	1.5722086e-05
9.471685669013064e-09	0.9984401	0.05010419	-0.0140171675	0.3586301	0.031376068	-4.4411903e-05
9.486778156139206e-09	0.99611443	0.07772169	-0.035791397	0.3586301	0.031376068	-1.4128542e-05
9.5013838486967e-09	0.9934421	0.109859645	-0.024788562	0.3586301	0.031376068	4.4220502e-05
9.515988921731974e-09	0.9926009	0.11964712	0.008578342	0.3586301	0.031376068	1.4867395e-05
9.530593930627202e-09	0.994281	0.09859301	0.03562544	0.3586301	0.031376068	-4.326963e-05
9.545198731771138e-09	0.997145	0.06465274	0.03322694	0.3586301	0.031376068	-1.558287e-05
9.560290884446666e-09	0.99869937	0.04709084	0.0024241644	0.3586301	0.031376068	4.3086435e-05
9.574896412561902e-09	0.99746644	0.061876737	-0.028548535	0.3586301	0.031376068	1.4065595e-05
9.589502202515496e-09	0.99469334	0.09488221	-0.03392889	0.3586301	0.031376068	-4.2188014e-05
9.604107684687538e-09	0.992786	0.11800496	-0.009288691	0.3586301	0.031376068	-1.47684905e-05
9.618712608931998e-09	0.9932307	0.111934446	0.024155997	0.3586301	0.031376068	4.1293722e-05
9.633804407758821e-09	0.9958157	0.080659635	0.037852846	0.3586301	0.031376068	1.3304506e-05
9.648409771785246e-09	0.9982338	0.0526273	0.019514456	0.3586301	0.031376068	-4.1161056e-05
9.663015300089154e-09	0.9983805	0.05123207	-0.014264233	0.3586301	0.031376068	-1.40028915e-05
9.677620743252507e-09	0.9961498	0.07751469	-0.034613412	0.3586301	0.031376068	4.0313207e-05
9.692226494920057e-09	0.9935639	0.10865751	-0.024132151	0.3586301	0.031376068	1.4675102e-05
9.707318573755951e-09	0.9927821	0.117913194	0.009031742	0.3586301	0.031376068	-4.0187108e-05
9.721923570687715e-09	0.99445987	0.09719695	0.034286354	0.3586301	0.031376068	-1.3273811e-05
9.736528415050162e-09	0.99717474	0.06521377	0.031245228	0.3586301	0.031376068	3.9380237e-05
9.751134135579368e-09	0.9985685	0.049265813	0.0029578651	0.3586301	0.031376068	1.3943212e-05
9.765739699387558e-09	0.99742967	0.06259882	-0.026415683	0.3586301	0.031376068	-3.8578164e-05
9.780832171230342e-09	0.994751	0.09445854	-0.03166013	0.3586301	0.031376068	-1.2579791e-05
9.795437336125469e-09	0.9929845	0.1159016	-0.008238754	0.3586301	0.031376068	3.8493537e-05
9.810042557747396e-09	0.99344856	0.10984712	0.02294739	0.3586301	0.031376068	1.3244201e-05
9.824647560207359e-09	0.99580663	0.081564814	0.03533632	0.3586301	0.031376068	-3.772866e-05
9.839252963001226e-09	0.9980561	0.05534137	0.018741721	0.3586301	0.031376068	-1.3885964e-05
9.854345403936525e-09	0.9981694	0.05405219	-0.013323938	0.3586301	0.031376068	3.7646794e-05
9.868951190771564e-09	0.9961073	0.078300335	-0.031563483	0.3586301	0.031376068	1.25779e-05
9.88355645461233e-09	0.99377996	0.10638671	-0.021705175	0.3586301	0.031376068	-3.6919388e-05
9.898161622877704e-09	0.99308956	0.114760146	0.0072958847	0.3586301	0.031376068	-1.3214481e-05
9.912766677663777e-09	0.99455243	0.09693072	0.030612428	0.3586301	0.031376068	3.6191574e-05
9.92785870275791e-09	0.9970562	0.067375116	0.028360019	0.3586301	0.031376068	1.1947156e-05
9.942464046019778e-09	0.99829525	0.05283186	0.0030660138	0.3586301	0.031376068	-3.6144305e-05
9.957069510981021e-09	0.99728835	0.06446452	-0.023312299	0.3586301	0.031376068	-1.257695e-05
9.971674884532692e-09	0.99497634	0.09197732	-0.028516889	0.3586301	0.031376068	3.545059e-05
9.986766734736236e-09	0.99332106	0.1121527	-0.0075659933	0.3586301	0.031376068	1.1343245e-05
1.0001371373999307e-08	0.9937431	0.10704343	0.020029202	0.3586301	0.031376068	-3.5402405e-05
1.0015976220923468e-08	0.9958043	0.082420796	0.031223197	0.3586301	0.031376068	-1.1972572e-05
1.0030581552064478e-08	0.9977546	0.05940933	0.017151762	0.3586301	0.031376068	3.4739136e-05
1.0045186731922064e-08	0.9979254	0.05722815	-0.009766066	0.3586301	0.031376068	1.2578216e-05
1.0060278792701734e-08	0.9961646	0.077902846	-0.026998607	0.3586301	0.031376068	-3.4691846e-05
1.0074883822900583e-08	0.99413985	0.10235926	-0.019443553	0.3586301	0.031376068	-1.1391533e-05
1.0089488770507035e-08	0.99347305	0.11071215	0.0051699076	0.3586301	0.031376068	3.4057924e-05
1.0104093355686367e-08	0.99466074	0.09643845	0.025962193	0.3586301	0.031376068	1.1995828e-05
1.0118698537843569e-08	0.9967309	0.071742035	0.025759047	0.3586301	0.031376068	-3.342217e-05
1.0133790595247347e-08	0.9979304	0.05734618	0.004371109	0.3586301	0.031376068	-1.0838477e-05
1.0148395910592943e-08	0.9971805	0.06598823	-0.018640256	0.3586301	0.031376068	3.3404143e-05
1.0163000769854417e-08	0.9952467	0.08900129	-0.024487212	0.3586301	0.031376068	1.14353825e-05
1.0177605748690743e-08	0.9938064	0.106777154	-0.00881992	0.3586301	0.031376068	-3.2795848e-05
1.0192210578609816e-08	0.9939861	0.10497687	0.014699959	0.3586301	0.031376068	-1.2015412e-05
1.0207302578134088e-08	0.9956463	0.084984705	0.026514407	0.3586301	0.031376068	3.277557e-05
1.0221907581220491e-08	0.9973275	0.064773746	0.016663	0.3586301	0.031376068	1.0900299e-05
1.0236512830758783e-08	0.9976661	0.06050607	-0.0055304584	0.3586301	0.031376068	-3.219367e-05
1.0251117735286064e-08	0.9963983	0.07534962	-0.021610564	0.3586301	0.031376068	-1.1474601e-05
1.026572242317192e-08	0.99464226	0.09661502	-0.018492151	0.3586301	0.031376068	3.1608444e-05
1.0280813995333675e-08	0.99386233	0.106695324	0.0015912107	0.3586301	0.031376068	1.0388311e-05
1.0295419106445282e-08	0.994672	0.097030774	0.020472087	0.3586301	0.031376068	-3.1613363e-05
1.0310024353759914e-08	0.99635357	0.07657921	0.023113398	0.3586301	0.031376068	-1.09572875e-05
1.0324629453322495e-08	0.99752307	0.062409714	0.007871726	0.3586301	0.031376068	3.105311e-05
1.0339721437954192e-08	0.9971689	0.0664057	-0.012855633	0.3586301	0.031376068	9.893246e-06
1.0354326374467176e-08	0.99565524	0.084424056	-0.020894926	0.3586301	0.031376068	-3.105557e-05
1.0368931109869497e-08	0.9943141	0.10127121	-0.010726549	0.3586301	0.031376068	-1.0459843e-05
1.038353596684923e-08	0.9941685	0.10354676	0.008992122	0.3586301	0.031376068	3.0517378e-05
1.0398141498586337e-08	0.99529135	0.089661025	0.022071645	0.3586301	0.031376068	1.1007915e-05
1.0413233518062176e-08	0.99686533	0.07042814	0.017610261	0.3586301	0.031376068	-3.051769e-05
1.0427838650524858e-08	0.99748594	0.06283883	-0.00021391055	0.3586301	0.031376068	-9.978996e-06
1.0442443395884556e-08	0.99666524	0.07241172	-0.016564352	0.3586301	0.031376068	3.0001665e-05
1.0457048382921246e-08	0.99515593	0.090911224	-0.018123126	0.3586301	0.031376068	1.0525005e-05
1.0471653037166546e-08	0.9942203	0.103122465	-0.0038430141	0.3586301	0.031376068	-2.9481665e-05
1.0486745032704701e-08	0.99455404	0.09901569	0.014846522	0.3586301	0.031376068	-9.519948e-06
1.0501350254147589e-08	0.99588937	0.08235429	0.0216643	0.3586301	0.031376068	2.9503173e-05
1.051595556987952e-08	0.99717253	0.06680509	0.011975812	0.3586301	0.031376068	1.0059128e-05
1.0530560313397855e-08	0.997308	0.06499035	-0.0063027255	0.3586301	0.031376068	-2.9004077e-05
1.0545165043373946e-08	0.9961956	0.07831882	-0.018420184	0.3586301	0.031376068	-1.0586667e-05
1.0560256473638502e-08	0.99477065	0.09642809	-0.014044599	0.3586301	0.031376068	2.9020883e-05
1.0574861701283287e-08	0.9942149	0.10356981	0.003056329	0.3586301	0.031376068	9.613503e-06
1.0589466833359077e-08	0.9949174	0.09439481	0.018710002	0.3586301	0.031376068	-2.8541574e-05
1.060407203271024e-08	0.9963919	0.076258495	0.020131318	0.3586301	0.031376068	-1.0134545e-05
1.0618677105837068e-08	0.9973975	0.0641376	0.006174752	0.3586301	0.031376068	2.8058032e-05
1.0633768738927744e-08	0.9970298	0.06841096	-0.012336143	0.3586301	0.031376068	9.181096e-06
1.0648373381058956e-08	0.99568325	0.0852068	-0.019187398	0.3586301	0.031376068	-2.8094146e-05
1.0662978451524477e-08	0.9944679	0.10081177	-0.009285137	0.3586301	0.031376068	-9.7001175e-06
1.0677583851833064e-08	0.9942851	0.10260804	0.00939972	0.3586301	0.031376068	2.7629132e-05
1.0692188905694776e-08	0.99536854	0.08875828	0.021662753	0.3586301	0.031376068	1.0203023e-05
1.0707280900435272e-08	0.996938	0.06978898	0.016905023	0.3586301	0.031376068	-2.7661861e-05
1.0721885768124493e-08	0.9975247	0.062645055	-0.0010544108	0.3586301	0.031376068	-9.278145e-06
1.0736490535852428e-08	0.99669206	0.07288925	-0.01743388	0.3586301	0.031376068	2.7213591e-05
1.0751095320261882e-08	0.9951738	0.09219535	-0.01845991	0.3586301	0.031376068	9.780198e-06
1.0766187501542504e-08	0.99414593	0.10481176	-0.002347314	0.3586301	0.031376068	-2.7242097e-05
1.0780792651141362e-08	0.9945189	0.09938176	0.016719244	0.3586301	0.031376068	-8.871801e-06
1.0795397812489848e-08	0.99604076	0.08067784	0.023287274	0.3586301	0.031376068	2.6811322e-05
1.081000250111315e-08	0.9974252	0.06406153	0.011684924	0.3586301	0.031376068	9.369443e-06
1.0824607209075968e-08	0.9974803	0.06346166	-0.008899219	0.3586301	0.031376068	-2.6374857e-05
1.0839698710300855e-08	0.99613714	0.08041201	-0.021556975	0.3586301	0.031376068	-8.481401e-06
1.0854304003356798e-08	0.99455744	0.10017385	-0.01460436	0.3586301	0.031376068	2.6420028e-05
1.0868908990293848e-08	0.9939734	0.10651856	0.005920451	0.3586301	0.031376068	8.974213e-06
1.088351420172613e-08	0.99498045	0.09358806	0.02300387	0.3586301	0.031376068	-2.6000263e-05
1.0898119011954306e-08	0.9967832	0.07185142	0.022137037	0.3586301	0.031376068	-9.45517e-06
1.0913210485814738e-08	0.99780935	0.059619162	0.0028393539	0.3586301	0.031376068	2.6040432e-05
1.0927815051433813e-08	0.9971427	0.06814835	-0.017798819	0.3586301	0.031376068	8.593016e-06
1.0942420268862614e-08	0.9954159	0.08984342	-0.022682762	0.3586301	0.031376068	-2.5635552e-05
1.0957025683050447e-08	0.9940089	0.106726445	-0.007375841	0.3586301	0.031376068	-9.069046e-06
1.0971630792185048e-08	0.9941119	0.104475595	0.015582977	0.3586301	0.031376068	2.5226365e-05
1.098672268448342e-08	0.99581337	0.08361248	0.02698321	0.3586301	0.031376068	8.219722e-06
1.1001327602613193e-08	0.9975661	0.06264901	0.016138388	0.3586301	0.031376068	-2.5282256e-05
1.101593233857657e-08	0.99788785	0.059124075	-0.0076623918	0.3586301	0.031376068	-8.695162e-06
1.1030537327635333e-08	0.99651223	0.076466165	-0.024356185	0.3586301	0.031376068	2.4886833e-05
1.1045142890415248e-08	0.9945723	0.1002459	-0.019442298	0.3586301	0.031376068	9.1564025e-06
1.1060235081017537e-08	0.9936798	0.11020668	0.0041287392	0.3586301	0.031376068	-2.4938745e-05
1.107484032897369e-08	0.994719	0.09696948	0.025124695	0.3586301	0.031376068	-8.329358e-06
1.1089445200227682e-08	0.9967867	0.07208843	0.026175326	0.3586301	0.031376068	2.4557701e-05
1.1104050113393253e-08	0.9981001	0.056641072	0.006021454	0.3586301	0.031376068	8.789711e-06
1.1118655019930615e-08	0.99754477	0.0639506	-0.01855399	0.3586301	0.031376068	-2.4171204e-05
1.113374736690149e-08	0.9955135	0.08902198	-0.026459722	0.3586301	0.031376068	-7.977201e-06
1.11483527538859e-08	0.993801	0.10932097	-0.010107134	0.3586301	0.031376068	2.423693e-05
1.1162958201003645e-08	0.99383205	0.10801057	0.016313955	0.3586301	0.031376068	8.431865e-06
1.1177563025784471e-08	0.9956605	0.08567361	0.030312294	0.3586301	0.031376068	-2.3864193e-05
1.11926546431468e-08	0.997771	0.060582887	0.018894058	0.3586301	0.031376068	-7.635009e-06
1.1207259433762959e-08	0.9982083	0.055922665	-0.007861009	0.3586301	0.031376068	2.3923676e-05
1.1221864848068565e-08	0.9966772	0.074968025	-0.027115658	0.3586301	0.031376068	8.088296e-06
1.1236470168101429e-08	0.9944756	0.10155163	-0.022243092	0.3586301	0.031376068	-2.3564162e-05
1.1251075474655236e-08	0.9934578	0.113095835	0.002836591	0.3586301	0.031376068	-8.529771e-06
1.126616732374303e-08	0.99458873	0.098792955	0.027384924	0.3586301	0.031376068	2.3619301e-05
1.128077237535254e-08	0.9968806	0.07131056	0.028925322	0.3586301	0.031376068	7.75257e-06
1.1295376994159581e-08	0.9983661	0.05400729	0.0067993435	0.3586301	0.031376068	-2.3271301e-05
1.1309982076098104e-08	0.99775445	0.061960816	-0.020350546	0.3586301	0.031376068	-8.193641e-06
1.1324587579303441e-08	0.9955616	0.088603504	-0.029222015	0.3586301	0.031376068	2.2918657e-05
1.1339679808999588e-08	0.9936159	0.11161164	-0.011016584	0.3586301	0.031376068	7.4267355e-06
1.1354284852289984e-08	0.9937018	0.10980965	0.017743392	0.3586301	0.031376068	-2.298639e-05
1.1368889724986572e-08	0.9957048	0.0854695	0.032561447	0.3586301	0.031376068	-7.86453e-06
1.138349459528538e-08	0.99791515	0.059370708	0.020660376	0.3586301	0.031376068	2.2644892e-05
1.1398099518616687e-08	0.9984204	0.053975493	-0.007892639	0.3586301	0.031376068	8.292447e-06
1.1413191875074994e-08	0.99671054	0.07487103	-0.02905429	0.3586301	0.031376068	-2.270755e-05
1.1427797403875465e-08	0.994362	0.102987416	-0.023367362	0.3586301	0.031376068	-7.544567e-06
1.1442402793245544e-08	0.9933366	0.114717305	0.003512064	0.3586301	0.031376068	2.2378483e-05
1.1457007638748864e-08	0.9945211	0.09988517	0.028631192	0.3586301	0.031376068	7.968956e-06
1.147161253305754e-08	0.9969487	0.07090702	0.030409452	0.3586301	0.031376068	-2.2042997e-05
1.1486704284457151e-08	0.99853545	0.052527864	0.006196804	0.3586301	0.031376068	-7.2353355e-06
1.1501309763906936e-08	0.99779963	0.061812997	-0.021881714	0.3586301	0.031376068	2.2117127e-05
1.1515915096712981e-08	0.9954712	0.08977726	-0.030122813	0.3586301	0.031376068	7.6558445e-06
1.1530520596791616e-08	0.99356383	0.11238289	-0.011400202	0.3586301	0.031376068	-2.1793534e-05
1.1545125601898468e-08	0.99367994	0.110389836	0.018170416	0.3586301	0.031376068	-8.0675045e-06
1.1560217428553928e-08	0.9958213	0.08450564	0.033277083	0.3586301	0.031376068	2.1862128e-05
1.157482214719737e-08	0.99804586	0.058374908	0.020186521	0.3586301	0.031376068	7.3521023e-06
1.1589427452758045e-08	0.9984665	0.053875603	-0.009042207	0.3586301	0.031376068	-2.154852e-05
1.1604032892050043e-08	0.9967252	0.074836455	-0.029451847	0.3586301	0.031376068	-7.760939e-06
1.1619125182451909e-08	0.9942784	0.104020774	-0.02284106	0.3586301	0.031376068	2.161273e-05
1.1633730050935986e-08	0.99334896	0.11473712	0.0047391816	0.3586301	0.031376068	7.054461e-06
1.1648335118395028e-08	0.99464476	0.098771885	0.0292544	0.3586301	0.031376068	-2.1309386e-05
1.166293985073012e-08	0.9970825	0.06982847	0.029711585	0.3586301	0.031376068	-7.463166e-06
1.1677544766949444e-08	0.99854803	0.052871063	0.005897799	0.3586301	0.031376068	2.1000205e-05
1.1692636968350655e-08	0.9977145	0.06309774	-0.022385115	0.3586301	0.031376068	6.7668357e-06
1.1707242514945767e-08	0.99539226	0.09079869	-0.029276757	0.3586301	0.031376068	-2.1075037e-05
1.1721847753750181e-08	0.99359775	0.11211942	-0.010019231	0.3586301	0.031376068	-7.1709856e-06
1.1736452706950157e-08	0.9938158	0.10908044	0.018734785	0.3586301	0.031376068	2.077621e-05
1.1751057701621513e-08	0.9958751	0.084351115	0.032388557	0.3586301	0.031376068	7.568159e-06
1.1766149454600462e-08	0.9980742	0.058525186	0.01863872	0.3586301	0.031376068	-2.0845153e-05
1.1780754823693317e-08	0.9983692	0.05531676	-0.009801515	0.3586301	0.031376068	-6.8880954e-06
1.1795360223161447e-08	0.9966073	0.07632923	-0.02856867	0.3586301	0.031376068	2.0556357e-05
1.180996583161442e-08	0.9943449	0.10328664	-0.021648508	0.3586301	0.031376068	7.28083e-06
1.1824570994959127e-08	0.9935028	0.1131587	0.004770936	0.3586301	0.031376068	-2.0262049e-05
1.1839663037577568e-08	0.9948381	0.09695821	0.028291896	0.3586301	0.031376068	-6.609822e-06
1.1854268090637969e-08	0.99713635	0.06974226	0.027602183	0.3586301	0.031376068	2.0341064e-05
1.1868873602616807e-08	0.99842924	0.05467987	0.004633156	0.3586301	0.031376068	7.001419e-06
1.1883478880628457e-08	0.99761903	0.06438652	-0.02088292	0.3586301	0.031376068	-2.0056032e-05
1.1898084253748718e-08	0.9954451	0.09022757	-0.02727207	0.3586301	0.031376068	-7.3844317e-06
1.1913176196567749e-08	0.9937499	0.11042582	-0.008422464	0.3586301	0.031376068	2.0130039e-05
1.1927781244759534e-08	0.99404	0.10677857	0.01817214	0.3586301	0.031376068	6.7291417e-06
1.1942385853620048e-08	0.99599147	0.08349503	0.030030604	0.3586301	0.031376068	-1.9853187e-05
1.1956990967448588e-08	0.99793065	0.060623933	0.017349254	0.3586301	0.031376068	-7.112189e-06
1.1971596434350622e-08	0.998187	0.057689995	-0.008719848	0.3586301	0.031376068	1.957147e-05
1.1986688604817459e-08	0.99650615	0.07763408	-0.026061991	0.3586301	0.031376068	6.4640585e-06
1.2001293533874026e-08	0.9944751	0.10183844	-0.019110601	0.3586301	0.031376068	-1.9654584e-05
1.2015898541628556e-08	0.9937788	0.110188395	0.0049323267	0.3586301	0.031376068	-6.8446834e-06
1.203050356724569e-08	0.9949603	0.09605	0.02540097	0.3586301	0.031376068	1.9381141e-05
1.2045595531126187e-08	0.997074	0.07095352	0.024757395	0.3586301	0.031376068	6.2062268e-06
1.206020077295164e-08	0.9981942	0.057703458	0.004017477	0.3586301	0.031376068	-1.9459234e-05
1.207480621305437e-08	0.99744314	0.066570744	-0.01864911	0.3586301	0.031376068	-6.5833055e-06
1.2089411656668693e-08	0.99549925	0.08963817	-0.024074707	0.3586301	0.031376068	1.9194851e-05
1.2104016532527257e-08	0.9940413	0.107124984	-0.007981591	0.3586301	0.031376068	6.953331e-06
1.2119108282072277e-08	0.9943149	0.10399283	0.016216174	0.3586301	0.031376068	-1.9267494e-05
1.2133713302027574e-08	0.9960305	0.083555914	0.026518112	0.3586301	0.031376068	-6.3292255e-06
1.2148318540775678e-08	0.9977015	0.06366335	0.015435162	0.3586301	0.031376068	1.9010891e-05
1.2162923548079266e-08	0.9979226	0.060994707	-0.007192668	0.3586301	0.031376068	6.6975863e-06
1.2177528866226524e-08	0.9965427	0.07729826	-0.02218119	0.3586301	0.031376068	-1.8748784e-05
1.2192620680325655e-08	0.9947254	0.0989892	-0.016686046	0.3586301	0.031376068	-6.080426e-06
1.2207225723810836e-08	0.9941089	0.10663241	0.0038752486	0.3586301	0.031376068	1.8830237e-05
1.2221830362649593e-08	0.99509764	0.09493935	0.021776026	0.3586301	0.031376068	6.4480846e-06
1.2236435593274604e-08	0.99684376	0.074032836	0.02214839	0.3586301	0.031376068	-1.857575e-05
1.2251040813196025e-08	0.9978786	0.061601713	0.005123152	0.3586301	0.031376068	-6.8067316e-06
1.2266132934756003e-08	0.99729615	0.06842081	-0.015154947	0.3586301	0.031376068	1.865257e-05
1.2280737635712934e-08	0.9956609	0.08781158	-0.020492189	0.3586301	0.031376068	6.203306e-06
1.2295342580134044e-08	0.994404	0.103099965	-0.007562109	0.3586301	0.031376068	-1.8405688e-05
1.2309947359042194e-08	0.9945423	0.1018243	0.0123279	0.3586301	0.031376068	-6.561714e-06
1.2324552311186867e-08	0.9958968	0.0855883	0.022501606	0.3586301	0.031376068	1.8153323e-05
1.2339644206875476e-08	0.9973767	0.06773357	0.014372688	0.3586301	0.031376068	5.9653603e-06
1.235424957334239e-08	0.9976723	0.06408042	-0.0043561724	0.3586301	0.031376068	-1.8238303e-05
1.2368854490912074e-08	0.9966017	0.0766812	-0.01795652	0.3586301	0.031376068	-6.320968e-06
1.2383459239235115e-08	0.99510175	0.09468321	-0.015315859	0.3586301	0.031376068	1.79934e-05
1.239806419805469e-08	0.9944429	0.103081845	0.0009934326	0.3586301	0.031376068	6.6705356e-06
1.241315596436166e-08	0.995154	0.09473628	0.01746395	0.3586301	0.031376068	-1.8073113e-05
1.2427761135430181e-08	0.9965778	0.077446654	0.019534808	0.3586301	0.031376068	-6.0864036e-06
1.2442366178863834e-08	0.99754596	0.06569965	0.006577009	0.3586301	0.031376068	1.7835877e-05
1.2456971278965691e-08	0.9972561	0.06902069	-0.010337919	0.3586301	0.031376068	6.4335895e-06
1.24720628975934e-08	0.99593234	0.0847486	-0.01724466	0.3586301	0.031376068	-1.7910757e-05
1.2486667717496152e-08	0.99480367	0.098731026	-0.008372795	0.3586301	0.031376068	-5.8570135e-06
1.2501272553301905e-08	0.9947284	0.10009197	0.008186925	0.3586301	0.031376068	1.7680297e-05
1.2515877769204423e-08	0.9957183	0.08801339	0.018728802	0.3586301	0.031376068	6.2028e-06
1.2530482656477715e-08	0.996986	0.072521865	0.014802156	0.3586301	0.031376068	-1.7444618e-05
1.2545574587027075e-08	0.9974807	0.06645557	-0.00062408077	0.3586301	0.031376068	-5.6319714e-06
1.256017944579618e-08	0.9967509	0.075028956	-0.013818995	0.3586301	0.031376068	1.7527282e-05
1.2574784383089544e-08	0.9954849	0.09042366	-0.014395478	0.3586301	0.031376068	5.9766458e-06
1.258938906948835e-08	0.99474925	0.099905714	-0.0021371478	0.3586301	0.031376068	-1.7298215e-05
1.2603994321445359e-08	0.9950814	0.095984	0.012653676	0.3586301	0.031376068	-6.314356e-06
1.2619086252159342e-08	0.9962453	0.0815912	0.017842935	0.3586301	0.031376068	1.7376356e-05
1.2633691395933446e-08	0.99724656	0.06938992	0.009158991	0.3586301	0.031376068	5.7544694e-06
1.264829613265709e-08	0.99727297	0.06893232	-0.005791767	0.3586301	0.031376068	-1.7154221e-05
1.2662901090244894e-08	0.9963135	0.08044481	-0.014843966	0.3586301	0.031376068	-6.0911834e-06
1.267750605024542e-08	0.9951977	0.09443318	-0.010644351	0.3586301	0.031376068	1.6926682e-05
1.2692598026232133e-08	0.9948124	0.09946098	0.0038054578	0.3586301	0.031376068	5.5375717e-06
1.2707203029913296e-08	0.99547243	0.091145605	0.015726978	0.3586301	0.031376068	-1.7012031e-05
1.2721808193809005e-08	0.9966483	0.0766696	0.015766626	0.3586301	0.031376068	-5.8719556e-06
1.273641328380431e-08	0.99736255	0.067985035	0.003999397	0.3586301	0.031376068	1.6791284e-05
1.2751017924600641e-08	0.99700797	0.072177656	-0.009931723	0.3586301	0.031376068	6.200697e-06
1.2766109708524105e-08	0.9958781	0.08614626	-0.014577536	0.3586301	0.031376068	-1.6871554e-05
1.2780714861640302e-08	0.99497163	0.09766898	-0.0058684032	0.3586301	0.031376068	-5.657927e-06
1.2795320195982823e-08	0.9949505	0.0977878	0.008714052	0.3586301	0.031376068	1.6657366e-05
1.2809925238053595e-08	0.99586517	0.08627496	0.017267019	0.3586301	0.031376068	5.9841886e-06
1.2824530433851337e-08	0.9970009	0.07242678	0.012761984	0.3586301	0.031376068	-1.6437705e-05
1.2839621970208504e-08	0.9973797	0.067808636	-0.0017509139	0.3586301	0.031376068	-5.4473867e-06
1.2854226945771124e-08	0.99666274	0.07663423	-0.013533975	0.3586301	0.031376068	1.6524986e-05
1.2868831655825593e-08	0.99549526	0.09129606	-0.01311813	0.3586301	0.031376068	5.77352e-06
1.2883436954173121e-08	0.9948136	0.099717714	-0.0007436002	0.3586301	0.031376068	-1.6311424e-05
1.2898528886153813e-08	0.99520314	0.0945236	0.013752568	0.3586301	0.031376068	-5.2413425e-06
1.2913134072649494e-08	0.9963666	0.0801655	0.017557917	0.3586301	0.031376068	1.6394406e-05
1.2927738807044475e-08	0.9973305	0.06850678	0.007947553	0.3586301	0.031376068	5.5656906e-06
1.2942343770560286e-08	0.99727744	0.06926406	-0.007346466	0.3586301	0.031376068	-1.6186785e-05
1.295694863862909e-08	0.9962608	0.08197984	-0.015696205	0.3586301	0.031376068	-5.884153e-06
1.2972040734325603e-08	0.99508053	0.09664288	-0.009552653	0.3586301	0.031376068	1.6265083e-05
1.2986645701317884e-08	0.99476403	0.10015499	0.00582944	0.3586301	0.031376068	5.36232e-06
1.3001250993551339e-08	0.99557906	0.089816794	0.017659005	0.3586301	0.031376068	-1.606378e-05
1.3015855806667593e-08	0.99687326	0.07406202	0.015948245	0.3586301	0.031376068	-5.679067e-06
1.3030460530639036e-08	0.99753934	0.06614717	0.0018909372	0.3586301	0.031376068	1.5856747e-05
1.3045552309359475e-08	0.9969802	0.07327987	-0.013239806	0.3586301	0.031376068	5.163332e-06
1.3060157711380253e-08	0.99570024	0.08918461	-0.01579612	0.3586301	0.031376068	-1.594182e-05
1.3074763002385667e-08	0.9947486	0.10065923	-0.004007946	0.3586301	0.031376068	-5.4778116e-06
1.3089368093244818e-08	0.99492323	0.098026514	0.012433158	0.3586301	0.031376068	1.5741136e-05
1.3103973314414604e-08	0.9961257	0.08317324	0.019786417	0.3586301	0.031376068	5.7871425e-06
1.3119064934890072e-08	0.99738324	0.068056785	0.011158708	0.3586301	0.031376068	-1.5821444e-05
1.3133669708876359e-08	0.99754304	0.06646738	-0.0059914137	0.3586301	0.031376068	-5.281147e-06
1.3148274806445194e-08	0.9965047	0.07944006	-0.017273234	0.3586301	0.031376068	1.5626187e-05
1.3162880215968417e-08	0.99513316	0.09616559	-0.012946314	0.3586301	0.031376068	5.5890046e-06
1.3177485320803247e-08	0.99458075	0.10248447	0.0035461243	0.3586301	0.031376068	-1.54261e-05
1.3192577317572559e-08	0.9953796	0.092344135	0.018643554	0.3586301	0.031376068	-5.0866274e-06
1.320718201671207e-08	0.9968316	0.07472644	0.018619968	0.3586301	0.031376068	1.5512662e-05
1.3221786952472729e-08	0.99771196	0.06442946	0.003894408	0.3586301	0.031376068	5.3947724e-06
1.3236391779700231e-08	0.99726325	0.07029474	-0.013268623	0.3586301	0.031376068	-1.531771e-05
1.325148390988157e-08	0.9958022	0.088168785	-0.018171016	0.3586301	0.031376068	-4.897362e-06
1.3266088970108136e-08	0.99464357	0.10199283	-0.0061233584	0.3586301	0.031376068	1.5400088e-05
1.328069418079675e-08	0.9947354	0.100390285	0.012435647	0.3586301	0.031376068	5.203265e-06
1.3295298924469813e-08	0.99603313	0.084412135	0.021748578	0.3586301	0.031376068	-1.5210719e-05
1.3309903849524052e-08	0.99744976	0.067518346	0.013713259	0.3586301	0.031376068	-5.504672e-06
1.3324995647904678e-08	0.9977474	0.06444606	-0.005659239	0.3586301	0.031376068	1.5288433e-05
1.3339601082864265e-08	0.99663806	0.07812502	-0.01876428	0.3586301	0.031376068	5.0157328e-06
1.3354206278727467e-08	0.9951072	0.09656411	-0.014866167	0.3586301	0.031376068	-1.51047925e-05
1.3368811568732528e-08	0.9944524	0.10413757	0.002851309	0.3586301	0.031376068	-5.314744e-06
1.3383416746622456e-08	0.9952268	0.09433363	0.019397035	0.3586301	0.031376068	1.491594e-05
1.3398508573613164e-08	0.99685526	0.074669294	0.020383941	0.3586301	0.031376068	4.8305965e-06
1.3413113403349285e-08	0.99786264	0.063008584	0.004743463	0.3586301	0.031376068	-1.4999652e-05
1.3427718582381125e-08	0.9974072	0.068894185	-0.014013206	0.3586301	0.031376068	-5.129283e-06
1.3442323944676374e-08	0.9958701	0.087439395	-0.019841533	0.3586301	0.031376068	1.4816076e-05
1.345692898457676e-08	0.9945777	0.10284027	-0.007598265	0.3586301	0.031376068	5.422057e-06
1.3472020949024378e-08	0.99464977	0.101547636	0.012926168	0.3586301	0.031376068	-1.4895613e-05
1.3486625950204521e-08	0.996031	0.08463267	0.022948848	0.3586301	0.031376068	-4.9465016e-06
1.350123081370292e-08	0.997541	0.066783465	0.014515035	0.3586301	0.031376068	1.471682e-05
1.3515835683295464e-08	0.9978743	0.063295655	-0.0052248733	0.3586301	0.031376068	5.239336e-06
1.3530441184666116e-08	0.996733	0.07714075	-0.019474888	0.3586301	0.031376068	-1.4533235e-05
1.3545533258141426e-08	0.99507	0.09704693	-0.015607776	0.3586301	0.031376068	-4.7669773e-06
1.3560138502727557e-08	0.9943939	0.104935385	0.002922018	0.3586301	0.031376068	1.4618764e-05
1.3574743373658256e-08	0.99521136	0.09467445	0.020113995	0.3586301	0.031376068	5.058204e-06
1.3589348370016176e-08	0.9968613	0.07488081	0.021258803	0.3586301	0.031376068	-1.4439941e-05
1.3603953400719133e-08	0.99793285	0.062520154	0.005338402	0.3586301	0.031376068	-5.3444483e-06
1.3619045538988545e-08	0.9974358	0.06875982	-0.014553691	0.3586301	0.031376068	1.4521093e-05
1.3633650625291541e-08	0.995843	0.08779777	-0.020188883	0.3586301	0.031376068	4.880817e-06
1.3648255949438745e-08	0.99455565	0.10317447	-0.0074432357	0.3586301	0.031376068	-1.43475e-05
1.3662860877970887e-08	0.9946386	0.10185555	0.0127096	0.3586301	0.031376068	-5.165804e-06
1.3677952673083923e-08	0.9960777	0.08434574	0.023074016	0.3586301	0.031376068	1.4424186e-05
1.3692557391358218e-08	0.9975865	0.06662024	0.014283049	0.3586301	0.031376068	4.707157e-06
1.370716273648109e-08	0.99788344	0.06344917	-0.005537713	0.3586301	0.031376068	-1.4255257e-05
1.372176792464664e-08	0.9967082	0.07749329	-0.019494548	0.3586301	0.031376068	-4.9907767e-06
1.3736373112459705e-08	0.9951009	0.09669174	-0.015660062	0.3586301	0.031376068	1.4081494e-05
1.3751464948380961e-08	0.9944279	0.10461968	0.0033353327	0.3586301	0.031376068	4.5351912e-06
1.3766069964158246e-08	0.9952795	0.094081216	0.02002468	0.3586301	0.031376068	-1.4163848e-05
1.3780674673995404e-08	0.99690866	0.07466879	0.020622207	0.3586301	0.031376068	-4.819082e-06
1.3795279656386783e-08	0.99791354	0.063065	0.0047769602	0.3586301	0.031376068	1.3994468e-05
1.3809885029455816e-08	0.99741703	0.06910027	-0.0138873095	0.3586301	0.031376068	5.097178e-06
1.3824976908868187e-08	0.9958269	0.08801157	-0.019334957	0.3586301	0.031376068	-1.4072882e-05
1.383958182150507e-08	0.9946188	0.102492705	-0.006736973	0.3586301	0.031376068	-4.6495998e-06
1.3854186716488048e-08	0.9947356	0.10087357	0.012543885	0.3586301	0.031376068	1.3908226e-05
1.3868791670036725e-08	0.99608	0.08464265	0.022073433	0.3586301	0.031376068	4.9275827e-06
1.388339652012144e-08	0.99752504	0.06766204	0.013886037	0.3586301	0.031376068	-1.37386305e-05
1.389848862703498e-08	0.997795	0.06463992	-0.0055285855	0.3586301	0.031376068	-4.4833737e-06
1.3913093884028825e-08	0.9966511	0.07818691	-0.018413424	0.3586301	0.031376068	1.3822521e-05
1.3927699258654104e-08	0.9951493	0.09613639	-0.014385264	0.3586301	0.031376068	4.759314e-06
1.3942304011029834e-08	0.99455816	0.103201926	0.0028902453	0.3586301	0.031376068	-1.3657668e-05
1.395690889047506e-08	0.99534476	0.09361022	0.018517558	0.3586301	0.031376068	-5.0320255e-06
1.3972000574342389e-08	0.99689585	0.07518399	0.019055327	0.3586301	0.031376068	1.3737055e-05
1.398660586375967e-08	0.9977919	0.064726055	0.004312151	0.3586301	0.031376068	4.595152e-06
1.4001210848226428e-08	0.99731207	0.07038929	-0.012741067	0.3586301	0.031376068	-1.3576753e-05
1.4015816001939177e-08	0.99590474	0.087094985	-0.017687036	0.3586301	0.031376068	-4.8663223e-06
1.4030421038641768e-08	0.9947831	0.10059364	-0.00652213	0.3586301	0.031376068	1.3411579e-05
1.40455127152363e-08	0.9948883	0.099274315	0.011561136	0.3586301	0.031376068	4.433224e-06
1.4060117341913476e-08	0.99611783	0.0845396	0.020095954	0.3586301	0.031376068	-1.3496057e-05
1.407472241292693e-08	0.9974094	0.069284864	0.012633203	0.3586301	0.031376068	-4.704204e-06
1.4089327665534681e-08	0.99764895	0.066448554	-0.0042191944	0.3586301	0.031376068	1.3335333e-05
1.410441959673934e-08	0.99661183	0.0786712	-0.016241537	0.3586301	0.031376068	4.273789e-06
1.4119024321238102e-08	0.9952871	0.09453997	-0.012723439	0.3586301	0.031376068	-1.3415973e-05
1.4133629043079742e-08	0.9947664	0.10089567	0.0024582094	0.3586301	0.031376068	-4.544282e-06
1.4148233708311493e-08	0.9954489	0.09271143	0.016302323	0.3586301	0.031376068	1.3259105e-05
1.4162838408237447e-08	0.9967581	0.07711528	0.0172959	0.3586301	0.031376068	4.810409e-06
1.417793018206005e-08	0.99759436	0.06716926	0.004370492	0.3586301	0.031376068	-1.3335736e-05
1.419253529367814e-08	0.99720263	0.07169388	-0.01062401	0.3586301	0.031376068	-4.3873542e-06
1.4207140343284948e-08	0.99598986	0.086098164	-0.015318543	0.3586301	0.031376068	1.3183477e-05
1.4221745007769e-08	0.9950026	0.098073915	-0.0060060625	0.3586301	0.031376068	4.6522177e-06
1.423634986200784e-08	0.9950455	0.097697176	0.009158806	0.3586301	0.031376068	-1.3026121e-05
1.4251441452821335e-08	0.9960961	0.08513221	0.017402815	0.3586301	0.031376068	-4.2329502e-06
1.4266046588862455e-08	0.9972027	0.071905866	0.011613277	0.3586301	0.031376068	1.3107952e-05
1.4280651428599816e-08	0.9974568	0.06876825	-0.0025568856	0.3586301	0.031376068	4.4966564e-06
1.4295256478153388e-08	0.99666977	0.07800462	-0.013156883	0.3586301	0.031376068	-1.2954944e-05
1.4309861261446107e-08	0.995538	0.09160974	-0.011526509	0.3586301	0.031376068	-4.7562203e-06
1.4324952803632462e-08	0.99500394	0.09829111	0.0011410934	0.3586301	0.031376068	1.3032703e-05
1.4339557390569045e-08	0.995507	0.09234788	0.013340625	0.3586301	0.031376068	4.3440564e-06
1.4354162634301302e-08	0.99658865	0.07932855	0.015277714	0.3586301	0.031376068	-1.2883758e-05
1.4368767640846751e-08	0.99734545	0.070166446	0.005626275	0.3586301	0.031376068	-4.602333e-06
1.4383372590054033e-08	0.9971461	0.07238461	-0.007336277	0.3586301	0.031376068	1.273017e-05
1.4398464163555997e-08	0.99615026	0.08423351	-0.012807184	0.3586301	0.031376068	4.192608e-06
1.4413069012799151e-08	0.9952805	0.094932295	-0.006192591	0.3586301	0.031376068	-1.281289e-05
1.4427673599519901e-08	0.99520844	0.09608048	0.0063621416	0.3586301	0.031376068	-4.451274e-06
1.44422784735247e-08	0.9959558	0.08706583	0.014417711	0.3586301	0.031376068	1.2663082e-05
1.4456883796306027e-08	0.9969107	0.07546159	0.011557728	0.3586301	0.031376068	4.704678e-06
1.4471975751881748e-08	0.99728596	0.07080589	-7.4925206e-06	0.3586301	0.031376068	-1.2742384e-05
1.4486580704163701e-08	0.9967529	0.07703983	-0.0099815065	0.3586301	0.031376068	-4.300865e-06
1.4501185580879206e-08	0.9958069	0.08851709	-0.01053017	0.3586301	0.031376068	1.2596725e-05
1.4515790660988773e-08	0.99523866	0.09574855	-0.0013959787	0.3586301	0.031376068	4.5539505e-06
1.4530882551633881e-08	0.99550205	0.09268716	0.010019417	0.3586301	0.031376068	-1.2672085e-05
1.454548772976762e-08	0.99635494	0.08222794	0.013674686	0.3586301	0.031376068	-4.1527337e-06
1.456009286390359e-08	0.9970988	0.07312425	0.0071968217	0.3586301	0.031376068	1.253056e-05
1.4574698070451857e-08	0.9971177	0.072753385	-0.0039210827	0.3586301	0.031376068	4.4046465e-06
1.4589302742893505e-08	0.996413	0.08118763	-0.010607283	0.3586301	0.031376068	-1.2384212e-05
1.4604394423265574e-08	0.99557173	0.091693215	-0.0072801104	0.3586301	0.031376068	-4.007173e-06
1.4618999298940342e-08	0.9953065	0.0952009	0.0030208132	0.3586301	0.031376068	1.2464119e-05
1.4633604577869092e-08	0.99578077	0.0893084	0.011800778	0.3586301	0.031376068	4.258649e-06
1.4648209470607886e-08	0.9966324	0.07879898	0.011962756	0.3586301	0.031376068	-1.2321742e-05
1.4662814561740368e-08	0.99716306	0.07228185	0.003452921	0.3586301	0.031376068	-4.5063334e-06
1.4677906248193082e-08	0.99690044	0.075344756	-0.00702218	0.3586301	0.031376068	1.2398017e-05
1.4692511244591233e-08	0.9961018	0.08518972	-0.010294162	0.3586301	0.031376068	4.1144976e-06
1.470711600680875e-08	0.99543643	0.09367648	-0.004101507	0.3586301	0.031376068	-1.2259241e-05
1.4721721179219994e-08	0.99541134	0.09398204	0.006445913	0.3586301	0.031376068	-4.361631e-06
1.473632632227628e-08	0.9960544	0.08587909	0.01277237	0.3586301	0.031376068	1.2116164e-05
1.475141813402938e-08	0.99688894	0.07564103	0.009528255	0.3586301	0.031376068	3.972071e-06
1.4766022711589618e-08	0.99716586	0.0722216	-0.00049894844	0.3586301	0.031376068	-1.2196869e-05
1.4780627411889062e-08	0.99668264	0.07811909	-0.009151635	0.3586301	0.031376068	-4.2194247e-06
1.4795232261491325e-08	0.9958515	0.08859348	-0.0093046585	0.3586301	0.031376068	1.2057151e-05
1.4809837036242827e-08	0.995332	0.09511155	-0.0007201194	0.3586301	0.031376068	4.462395e-06
1.4824928923159731e-08	0.9955631	0.09197978	0.009873238	0.3586301	0.031376068	-1.21343355e-05
1.48395339765684e-08	0.9963806	0.08181601	0.013133469	0.3586301	0.031376068	-4.078743e-06
1.4854138958538475e-08	0.9971026	0.07303824	0.006677584	0.3586301	0.031376068	1.1998494e-05
1.4868743616990991e-08	0.9971133	0.072926834	-0.004308746	0.3586301	0.031376068	4.321123e-06
1.4883835337808447e-08	0.9963895	0.082006305	-0.010883443	0.3586301	0.031376068	-1.2071942e-05
1.489844045714834e-08	0.9955641	0.092391886	-0.007127754	0.3586301	0.031376068	-3.9400884e-06
1.491304573938756e-08	0.9952727	0.09574091	0.0036888449	0.3586301	0.031376068	1.19398655e-05
1.492765078455298e-08	0.9957887	0.08906738	0.012732538	0.3586301	0.031376068	4.1810067e-06
1.4942255954538056e-08	0.99672216	0.07765319	0.012437623	0.3586301	0.031376068	-1.1803238e-05
1.49573475642608e-08	0.9972791	0.07094997	0.0024011687	0.3586301	0.031376068	-3.8025144e-06
1.497195258120668e-08	0.9969513	0.075130515	-0.008594737	0.3586301	0.031376068	1.1881249e-05
