# Frequency = 1.0285850692800127E10
# xIndex	yIndex	zIndex	AbsFmx	AbsFmy	AbsFmz	ArgFmx	ArgFmy	ArgFmz
3	25	0	0.25586140606411056	1.4097864385192278	1.3367632577494706	-2.6528418282071122	0.47229842331460287	1.992778214863546
3	26	0	0.23968212079009515	1.406330661498416	1.3521352081209514	-2.653262859951133	0.4704949694390774	1.9933376556011164
3	27	0	0.22277301487999215	1.4066860851261702	1.358952658034586	-2.6543946914447014	0.46783575978579955	1.993412659357161
3	28	0	0.20875860003745172	1.4110393073553187	1.3567919653495475	-2.6547465307706037	0.46641655557341427	1.9939105989635706
4	8	0	1.6049816652699562	9.29801366556486	10.057380053084993	-2.3718189266544796	0.7583532483898549	2.3081996713571677
4	9	0	1.5663176641591119	9.358819969738715	10.099296765415357	-2.3716409859317817	0.758234676722725	2.308261296884541
4	16	0	1.071926012575454	6.557567203615459	6.8181391983276445	-2.464301242499585	0.6657144993395119	2.209828621718416
4	17	0	1.0197259818469073	6.569942240905159	6.823727333603351	-2.464388104179382	0.6651891891694953	2.2099601318550617
4	18	0	0.9632260838496741	6.583436175103808	6.824633593477517	-2.4643174004847634	0.6647373631443112	2.2100916356909956
4	24	0	0.2905480541496768	1.519062789167693	1.3831586748707576	-2.6494696548689967	0.47673677094345995	1.9926747701610237
4	25	0	0.26535155925564274	1.4686848715376961	1.378413471295235	-2.650575096459835	0.4743628150352876	1.9932501489373429
4	26	0	0.2487621426098138	1.4474402205768868	1.3780962905003349	-2.652965666393291	0.47070207389383073	1.9928696417953518
4	27	0	0.23735285846727924	1.4335874032587765	1.38279865489488	-2.654170738092901	0.4688029414426957	1.9940197056461835
4	28	0	0.22954851829131157	1.4408446164373152	1.3896470817046707	-2.656184636971249	0.46586060084054026	1.9936330917924638
4	29	0	0.23192136039223168	1.4729216628182833	1.4019572306766408	-2.657273459906776	0.4648748335053556	1.9942644384087507
5	7	0	1.8275314916108185	9.990317909570086	10.747182717669538	-2.3716809211080934	0.7585117145087347	2.3081467968858536
5	8	0	1.7378828392153705	9.865968158248927	10.602357699768376	-2.3716658268733144	0.7583141108506558	2.3082289363647277
5	9	0	1.7178527327927549	9.97942686585679	10.670916802441067	-2.3717534489670014	0.7580662356968638	2.308307244899662
5	10	0	1.7382863664532706	10.383339346134761	10.984421819200954	-2.3717761793395247	0.757716869394932	2.308467625651354
5	11	0	1.7107824639357867	10.660992462953661	11.047593569667354	-2.371827106877723	0.7574859380647416	2.3085694000616614
5	15	0	1.278824756580241	7.099974208461884	7.276372655477697	-2.4631257156620117	0.6670866823270755	2.2095602985149068
5	16	0	1.174243655076358	6.909208932606841	7.128470344357566	-2.4637054018704223	0.6661868630258174	2.209711013190791
5	17	0	1.1123946145130978	6.837828004239867	7.078906619037481	-2.464187691925904	0.6654290143643349	2.209886295563618
5	18	0	1.0656305871408343	6.8389620406257	7.09273070747353	-2.4644818644926376	0.6647196053578833	2.2099921783280543
5	19	0	1.0527171800221087	6.97532408660384	7.194624410621475	-2.464449702509019	0.6643198167347818	2.210053556056325
5	24	0	0.28202140398208864	1.5473834124632773	1.4059170440689739	-2.6477613399274134	0.4776175117184747	1.9929337918131012
5	25	0	0.26478978412696375	1.5034706780391935	1.3963980813292773	-2.6498393493116827	0.47454809830846273	1.9926373398286161
5	26	0	0.2533700625314252	1.4664254692999559	1.3913397196034383	-2.651592525298305	0.47241965693389115	1.9938867740460997
5	27	0	0.2473836599576538	1.4488676297449592	1.389906829569871	-2.655131505273698	0.4681774145326063	1.992992265402862
5	28	0	0.24513133526369446	1.4423012623887095	1.3984105386225754	-2.656409203229883	0.46683532904665437	1.994213889021139
5	29	0	0.24931759635410025	1.4638082598240956	1.4091297771449531	-2.6583740572824226	0.4648155033358634	1.9939004312872992
6	6	0	1.954516629888835	10.653239085264083	11.12051217774781	-2.371819487519791	0.758594815053897	2.3082065923517945
6	7	0	1.8313896247988017	10.341321664014236	10.996235081192136	-2.3714595460338366	0.7584430685833723	2.308233110339865
6	8	0	1.7810042088709968	10.23991551530693	10.910946932170692	-2.371560742624308	0.7582268364373547	2.308254609932794
6	9	0	1.7786927828615668	10.29633336873062	10.949219660216746	-2.3718211433940466	0.7579344656319037	2.3083696195420913
6	10	0	1.7978064357053223	10.476581842207153	11.099893938021895	-2.372023498697041	0.7576363658778894	2.308428065784109
6	11	0	1.797497372609662	10.673703835919994	11.21524354694737	-2.3721056154249864	0.7573880146663995	2.308528581560765
6	14	0	1.474993650807555	7.731795245552856	7.572522077144581	-2.462352711442373	0.6684220145916583	2.2093452868280345
6	15	0	1.324170234286544	7.347099998514143	7.422930481358873	-2.4626550946207937	0.6674691638080577	2.209472990984267
6	16	0	1.2304730417842695	7.1126091184434	7.281997645017889	-2.4633427731385895	0.6665166798101437	2.209639085554578
6	17	0	1.1774320373669522	6.9871550391062325	7.205672921696808	-2.464150335722647	0.6655366478005035	2.20971999623816
6	18	0	1.1486838821820848	6.947960068455955	7.208058048846907	-2.464593535332664	0.6648877790233162	2.2098300310276904
6	19	0	1.1365572073801384	6.9939103125257915	7.267662754894457	-2.4647828490088712	0.6644014005771745	2.209853455096142
6	24	0	0.270313078067909	1.5714422786781177	1.4140530723643034	-2.6468154296051356	0.47770674676582037	1.992684713365989
6	25	0	0.26015822494025553	1.5142025739206475	1.4022166083126963	-2.6485431959893555	0.47570279305409463	1.993455391157067
6	26	0	0.2546454398708491	1.47450316150284	1.3911229521235855	-2.6523625431335853	0.4714670499642951	1.992671218231521
6	27	0	0.2523501737108307	1.443332687021336	1.3893870812157987	-2.6543607577674635	0.46964244800080535	1.9939670511478462
6	28	0	0.2558704812534129	1.434976623153192	1.3919517648029052	-2.657759229241427	0.46614969229677644	1.9931694523497752
6	29	0	0.2666287832780741	1.4445929332033638	1.4004190859258736	-2.6592725221346023	0.4653102288248	1.993930017979405
7	6	0	1.882556082869289	10.825394750103221	11.28317008764528	-2.3714228042819054	0.7584537810254297	2.30831800889822
7	7	0	1.8044259901405022	10.57944366349591	11.184298004699587	-2.3712918066065645	0.7583038070846623	2.3083257422063683
7	8	0	1.7847772136251316	10.481557789569191	11.120487996051343	-2.3715146410153842	0.7580762622265474	2.308384057443239
7	9	0	1.8001119542899402	10.499289167753238	11.142601735688483	-2.371795049389725	0.757835295513497	2.3083627486210263
7	10	0	1.8316514923094014	10.589779261728388	11.236961932950654	-2.3720863116622013	0.7575461654940655	2.3084367502948933
7	11	0	1.866074350857437	10.691432591916557	11.337376601870277	-2.3723274576858935	0.7573120373858765	2.3084567084156125
7	14	0	1.4414532557111779	7.780187364626727	7.602208225947515	-2.4622922059615453	0.668226891360854	2.2093402572585106
7	15	0	1.3243696880250597	7.431281830846317	7.480242611982474	-2.4625611712479447	0.6674321375551038	2.209460617145503
7	16	0	1.2552558933886817	7.190083114273764	7.343950223762199	-2.4633997965578045	0.66642180845733	2.2095193145835306
7	17	0	1.216931452535412	7.036555247579172	7.25728134758178	-2.4641155247492055	0.6656375254462897	2.2095962336892367
7	18	0	1.2114982795639977	6.99123220693906	7.251634693289243	-2.464781574238663	0.6648902894818749	2.2095755242998
7	19	0	1.2505595904620521	7.081359259253563	7.323904479916927	-2.46526574219458	0.6644972158852163	2.209584922861658
7	20	0	1.4140608316878922	7.5267729651592	7.4931681412060644	-2.4662998900273463	0.6642282965395411	2.209534296099324
7	24	0	0.2566762600568865	1.5808708735785615	1.406025727155555	-2.6461500781314817	0.4778200782687272	1.9928879164792086
7	25	0	0.2487888529205412	1.5096785666502917	1.3920120144337114	-2.648979076385336	0.47458070043498635	1.9926441056281685
7	26	0	0.24966246868108968	1.4592698585107364	1.383017242333418	-2.651683202515198	0.4722708831842891	1.9934722468212935
7	27	0	0.2534236047344836	1.4284680414757127	1.3757446931424624	-2.6555717930598868	0.4685287722942533	1.992743790723707
7	28	0	0.2623963922698217	1.4087365640988998	1.3740400155220258	-2.6578297741244366	0.46705178124843594	1.9935841403515813
7	29	0	0.2796910757110964	1.4232255603300321	1.377540384967399	-2.660591430484197	0.46516455196796336	1.9934924125653404
8	6	0	1.7916810206956408	10.956995720590633	11.326662923101438	-2.3711065238621183	0.758319040954866	2.308418092590941
8	7	0	1.7375057895224748	10.709875983158147	11.295726207902133	-2.3710521731643093	0.7581196711463114	2.3084818536368035
8	8	0	1.7594621325607378	10.62877827475531	11.27568529421187	-2.371352755319376	0.7579557983770481	2.308442188308071
8	9	0	1.8001160604593898	10.620516827380257	11.291312267404825	-2.3717018920934736	0.7577517915067805	2.308443962145757
8	10	0	1.8428945844134155	10.649788493845257	11.341552373070147	-2.372010578339908	0.7575331355049888	2.308400719726393
8	11	0	1.9333682336614582	10.754669852075951	11.419981027982722	-2.3725622935817503	0.7572996489533593	2.308425518161482
8	14	0	1.3995741355362823	7.815712088487983	7.612834784377439	-2.4623541397182027	0.6678988359796665	2.209361410863623
8	15	0	1.2912925253724543	7.433395478052109	7.48763193330475	-2.4627443090029884	0.6669941720365793	2.2094318156685167
8	16	0	1.2491919718166522	7.17475446528642	7.353769049711472	-2.463497209331767	0.6662249501183656	2.209478773630334
8	17	0	1.224653610725907	6.983887898556507	7.234521146250274	-2.4643218153476485	0.6654282192764416	2.2094192729437716
8	18	0	1.23757106082813	6.915698058646397	7.223029596889827	-2.4648258280578714	0.6649582694743543	2.2094016014321207
8	19	0	1.27682572867797	6.8974784660007655	7.232401003476787	-2.4653745267408276	0.6646161068333905	2.209352139176097
8	25	0	0.22825503594791613	1.4645116845460735	1.3569756816898955	-2.649484188038423	0.4735050775205469	1.9927808847498392
8	26	0	0.23741952033093205	1.4295378517996729	1.3581594094627287	-2.65241886638748	0.47110436190139254	1.9927003517022095
8	27	0	0.24792231086699662	1.3923246622731258	1.3497276220276548	-2.655476469197683	0.46900130901909604	1.9930719408485873
8	28	0	0.25867728896677084	1.367267118341466	1.333429825765257	-2.6584159885264027	0.46704113936787756	1.9929210802036856
9	7	0	1.6194696304394218	10.723500105537475	11.321416988088343	-2.370517517750199	0.7579362406231007	2.3085747867306092
9	8	0	1.7121292007128872	10.710446293499963	11.384355519136573	-2.371043047090181	0.7578551829975131	2.3085335337517447
9	9	0	1.8017047511850226	10.671864429757237	11.3947940444587	-2.3715973940420176	0.7577416641635594	2.3084548926917074
9	10	0	1.8411590025659013	10.558785227574127	11.350581122766513	-2.3719640624037126	0.7576128678694211	2.3084259471298534
9	15	0	1.1957841284597155	7.2906859531084365	7.398009898707837	-2.462860096165929	0.6663395980337992	2.2094561647030426
9	16	0	1.2102790102839163	7.103617412777491	7.320981484504764	-2.4636293982946027	0.6658278358562899	2.209421576763648
9	17	0	1.1888280458349207	6.804379772594644	7.104813820300777	-2.4645399578315486	0.6652180734580975	2.209337336565161
9	18	0	1.2557708399110474	6.797311773006462	7.150414899494643	-2.4651429757720287	0.6648694294422652	2.2092547348388685
9	19	0	1.317555456554259	6.750084261726571	7.082282373777847	-2.465898690214205	0.6646920997396707	2.20920956742728
10	17	0	1.0395443949385375	6.297784720235319	6.639728407414545	-2.464976535779817	0.6647997382511431	2.2092387030762155
