# t (s)	mx ()	my ()	mz ()	B_extx (T)	B_exty (T)	B_extz (T)
1e-12	0.9854921	0.1695147	0.0021585107	0.35453078	0.062513344	0
1.616578414885638e-11	0.9854883	0.16953725	0.00217348	0.35453078	0.062513344	3.8063451e-06
3.0992746198759374e-11	0.9854943	0.16950205	0.0021824331	0.35453078	0.062513344	-1.2006806e-05
4.522660458248768e-11	0.9855005	0.16946614	0.0021485055	0.35453078	0.062513344	-4.2675447e-06
5.993825160021273e-11	0.9854937	0.1695072	0.0021144585	0.35453078	0.062513344	1.1855777e-05
7.474465197244121e-11	0.98548305	0.1695679	0.0021424585	0.35453078	0.062513344	4.149429e-06
8.97473835384536e-11	0.9854871	0.1695437	0.0021922952	0.35453078	0.062513344	-1.2074674e-05
1.0397521372411922e-10	0.9854974	0.1694837	0.0021890104	0.35453078	0.062513344	-4.396773e-06
1.1905131017463945e-10	0.9854971	0.16948645	0.0021512613	0.35453078	0.062513344	1.2078198e-05
1.3345558631415603e-10	0.9854903	0.16952623	0.0021445476	0.35453078	0.062513344	4.3268e-06
1.4824478091583826e-10	0.9854914	0.16951923	0.0021577252	0.35453078	0.062513344	-1.2030909e-05
1.6293191823245997e-10	0.9854955	0.16949491	0.002147469	0.35453078	0.062513344	-4.2612282e-06
1.7753155314949598e-10	0.9854905	0.1695246	0.0021384195	0.35453078	0.062513344	1.2021338e-05
1.9256087569282273e-10	0.9854846	0.16955887	0.00217131	0.35453078	0.062513344	3.996799e-06
2.0702837330629908e-10	0.9854916	0.16951782	0.0022002705	0.35453078	0.062513344	-1.21097255e-05
2.2194388494690413e-10	0.98550147	0.16946067	0.0021686673	0.35453078	0.062513344	-4.0505365e-06
2.36320335524478e-10	0.98549694	0.1694872	0.002121712	0.35453078	0.062513344	1.2102202e-05
2.511548362137027e-10	0.985486	0.16955148	0.0021302844	0.35453078	0.062513344	4.3292794e-06
2.659576807437841e-10	0.9854871	0.1695441	0.002171384	0.35453078	0.062513344	-1.2256878e-05
2.8073289356674875e-10	0.9854949	0.16949806	0.0021755856	0.35453078	0.062513344	-4.128998e-06
2.9548607747630637e-10	0.9854937	0.16950576	0.0021570686	0.35453078	0.062513344	1.2358912e-05
3.1021780976747984e-10	0.9854889	0.16953404	0.0021649778	0.35453078	0.062513344	4.0492264e-06
3.2493337846881455e-10	0.9854935	0.16950686	0.0021752017	0.35453078	0.062513344	-1.2425149e-05
3.396332854641403e-10	0.9854992	0.16947365	0.002146433	0.35453078	0.062513344	-4.060951e-06
3.5432207915503147e-10	0.9854923	0.16951421	0.002120334	0.35453078	0.062513344	1.2466282e-05
3.6899868564293027e-10	0.98548317	0.16956758	0.0021518092	0.35453078	0.062513344	4.13955e-06
3.8366623157589894e-10	0.9854884	0.16953674	0.0021963923	0.35453078	0.062513344	-1.2487761e-05
3.983254386964037e-10	0.9854989	0.16947427	0.002183326	0.35453078	0.062513344	-4.270281e-06
4.129783287552279e-10	0.9854971	0.16948561	0.0021410454	0.35453078	0.062513344	1.2493886e-05
4.2762502043354733e-10	0.9854887	0.16953556	0.002139213	0.35453078	0.062513344	4.4380013e-06
4.4226600900744807e-10	0.9854899	0.16952838	0.0021628272	0.35453078	0.062513344	-1.2486816e-05
4.569023896992834e-10	0.9854956	0.16949466	0.0021576863	0.35453078	0.062513344	-4.6360847e-06
4.720231324219535e-10	0.9854915	0.16951871	0.002142889	0.35453078	0.062513344	1.26991545e-05
4.866529271173722e-10	0.98548555	0.16955332	0.0021680056	0.35453078	0.062513344	4.199361e-06
5.012784271165049e-10	0.985492	0.16951606	0.0021933164	0.35453078	0.062513344	-1.2681938e-05
5.159018732275804e-10	0.98550093	0.1694642	0.002164196	0.35453078	0.062513344	-4.437981e-06
5.305232930137121e-10	0.98549575	0.16949418	0.0021220213	0.35453078	0.062513344	1.2655925e-05
5.4514303431418e-10	0.9854852	0.16955554	0.0021359585	0.35453078	0.062513344	4.68777e-06
5.602472567105258e-10	0.9854877	0.16954128	0.0021791914	0.35453078	0.062513344	-1.285589e-05
5.748632583259725e-10	0.9854964	0.16948983	0.002177317	0.35453078	0.062513344	-4.2871893e-06
5.894777111210064e-10	0.98549473	0.16949974	0.0021508916	0.35453078	0.062513344	1.2827128e-05
6.040920537241617e-10	0.9854883	0.16953687	0.0021567147	0.35453078	0.062513344	4.5566057e-06
6.187045452122315e-10	0.9854921	0.16951561	0.0021736994	0.35453078	0.062513344	-1.2791467e-05
6.338032152156336e-10	0.9854986	0.16947728	0.002151464	0.35453078	0.062513344	-4.1626326e-06
6.484138597306903e-10	0.9854926	0.16951232	0.0021263391	0.35453078	0.062513344	1.2990343e-05
6.630249583481238e-10	0.9854839	0.16956297	0.0021535214	0.35453078	0.062513344	4.444678e-06
6.776347832515757e-10	0.9854891	0.16953315	0.0021932526	0.35453078	0.062513344	-1.2955253e-05
6.922435489649621e-10	0.9854992	0.16947375	0.0021782015	0.35453078	0.062513344	-4.731663e-06
7.073392697771953e-10	0.9854964	0.16949004	0.0021364214	0.35453078	0.062513344	1.3149671e-05
7.219482333352079e-10	0.98548746	0.16954201	0.002140902	0.35453078	0.062513344	4.3436944e-06
7.365565008164847e-10	0.9854896	0.16952969	0.002168743	0.35453078	0.062513344	-1.3116101e-05
7.511638077170657e-10	0.9854965	0.16949014	0.0021614307	0.35453078	0.062513344	-4.637973e-06
7.657709671697266e-10	0.9854927	0.16951191	0.0021420661	0.35453078	0.062513344	1.3075135e-05
7.808650735541582e-10	0.9854858	0.16955177	0.0021630025	0.35453078	0.062513344	4.2495726e-06
7.954724928752388e-10	0.9854915	0.16951856	0.002189112	0.35453078	0.062513344	-1.3275628e-05
8.10078932379384e-10	0.98550034	0.16946788	0.0021637722	0.35453078	0.062513344	-4.5493975e-06
8.246855086686018e-10	0.9854953	0.16949695	0.002125305	0.35453078	0.062513344	1.3237028e-05
8.392919846717621e-10	0.9854852	0.16955523	0.0021405844	0.35453078	0.062513344	4.850953e-06
8.543856905347275e-10	0.9854883	0.16953725	0.0021804853	0.35453078	0.062513344	-1.3435389e-05
8.689918085015697e-10	0.9854971	0.16948587	0.0021740654	0.35453078	0.062513344	-4.462028e-06
8.835980166068413e-10	0.98549473	0.16950065	0.0021461928	0.35453078	0.062513344	1.3399539e-05
8.982042113413202e-10	0.98548746	0.16954172	0.002155795	0.35453078	0.062513344	4.7677686e-06
9.128106497832411e-10	0.9854915	0.16951817	0.0021771535	0.35453078	0.062513344	-1.3357427e-05
9.279034731170577e-10	0.98549885	0.1694761	0.0021554732	0.35453078	0.062513344	-4.374436e-06
9.425093111733335e-10	0.9854931	0.16950926	0.0021275538	0.35453078	0.062513344	1.3563165e-05
9.571152009093794e-10	0.98548406	0.16956146	0.0021521705	0.35453078	0.062513344	4.684441e-06
9.71721459911428e-10	0.9854889	0.16953288	0.0021911606	0.35453078	0.062513344	-1.3523856e-05
9.863276097252436e-10	0.98549914	0.16947407	0.0021762818	0.35453078	0.062513344	-4.9941013e-06
1.0014200161177669e-09	0.9854959	0.16949315	0.0021372181	0.35453078	0.062513344	1.3728279e-05
1.016025425921079e-09	0.9854871	0.169544	0.0021445923	0.35453078	0.062513344	4.6003033e-06
1.030631263027581e-09	0.9854899	0.16952743	0.0021720296	0.35453078	0.062513344	-1.36916215e-05
1.0452372070260425e-09	0.98549724	0.16948545	0.0021604064	0.35453078	0.062513344	-4.914282e-06
1.0598423708807314e-09	0.9854929	0.16951096	0.002137685	0.35453078	0.062513344	1.3648247e-05
1.0749346088383458e-09	0.9854851	0.16955572	0.0021614863	0.35453078	0.062513344	4.5157667e-06
1.0895402855737656e-09	0.985491	0.16952105	0.0021915282	0.35453078	0.062513344	-1.386091e-05
1.1041462456705317e-09	0.9855005	0.16946606	0.0021663688	0.35453078	0.062513344	-4.833396e-06
1.1187515854429542e-09	0.9854958	0.16949458	0.0021250986	0.35453078	0.062513344	1.3820724e-05
1.1333571936701003e-09	0.9854852	0.16955566	0.002139127	0.35453078	0.062513344	5.152741e-06
1.1484497199465597e-09	0.9854883	0.16953702	0.0021793998	0.35453078	0.062513344	-1.4032381e-05
1.163055758246542e-09	0.98549724	0.1694854	0.0021725476	0.35453078	0.062513344	-4.749888e-06
1.1776611948437643e-09	0.9854945	0.16950205	0.0021451698	0.35453078	0.062513344	1.3995461e-05
1.1922666433624205e-09	0.9854871	0.16954447	0.0021572926	0.35453078	0.062513344	5.072909e-06
1.2073589033202673e-09	0.985492	0.1695152	0.002180254	0.35453078	0.062513344	-1.4205753e-05
1.2219648311934953e-09	0.98549974	0.16947126	0.0021545023	0.35453078	0.062513344	-4.6650716e-06
1.2365698614849428e-09	0.9854935	0.16950813	0.0021229212	0.35453078	0.062513344	1.4171807e-05
1.2511754120699438e-09	0.98548335	0.16956596	0.0021495796	0.35453078	0.062513344	4.992167e-06
1.2657810406684137e-09	0.9854883	0.16953674	0.00219375	0.35453078	0.062513344	-1.4131115e-05
1.2808737979837004e-09	0.9854996	0.16947137	0.002178507	0.35453078	0.062513344	-4.5784154e-06
1.2954792919813787e-09	0.98549664	0.16948956	0.0021371178	0.35453078	0.062513344	1.4350714e-05
1.31008510310514e-09	0.9854873	0.16954356	0.0021422608	0.35453078	0.062513344	4.9080563e-06
1.3246909072305096e-09	0.98548967	0.16952863	0.0021703583	0.35453078	0.062513344	-1.4313538e-05
1.339296553997404e-09	0.985497	0.16948605	0.002159722	0.35453078	0.062513344	-5.2383452e-06
1.3543891754399555e-09	0.9854923	0.16951483	0.0021375124	0.35453078	0.062513344	1.4532063e-05
1.368994950739605e-09	0.98548466	0.1695586	0.0021640218	0.35453078	0.062513344	4.8216643e-06
1.3836005969398592e-09	0.9854911	0.16952004	0.002195512	0.35453078	0.062513344	-1.4498157e-05
1.398206018371365e-09	0.98550135	0.16946082	0.0021668407	0.35453078	0.062513344	-5.156325e-06
1.412811722565525e-09	0.9854962	0.16949183	0.0021207593	0.35453078	0.062513344	1.4457084e-05
1.4279038546669112e-09	0.9854843	0.16956106	0.002136557	0.35453078	0.062513344	4.7346603e-06
1.4425093582252338e-09	0.9854873	0.16954283	0.0021815156	0.35453078	0.062513344	-1.4684644e-05
1.457114813003798e-09	0.9854971	0.16948542	0.0021780257	0.35453078	0.062513344	-5.0733133e-06
1.4717207368975488e-09	0.9854951	0.16949806	0.002148292	0.35453078	0.062513344	1.4647081e-05
1.48632615915454e-09	0.9854877	0.16954115	0.0021562988	0.35453078	0.062513344	5.412311e-06
1.5014185496338945e-09	0.985492	0.16951483	0.0021770403	0.35453078	0.062513344	-1.4873794e-05
1.5160239922129032e-09	0.98549944	0.16947213	0.0021514983	0.35453078	0.062513344	-4.9876294e-06
1.530629676763284e-09	0.9854928	0.16951151	0.0021219174	0.35453078	0.062513344	1.4839559e-05
1.545234910055838e-09	0.9854827	0.16957009	0.002152737	0.35453078	0.062513344	5.331269e-06
1.5598402894496905e-09	0.9854885	0.16953616	0.0021990095	0.35453078	0.062513344	-1.4797836e-05
1.5749324822161963e-09	0.98550075	0.16946478	0.0021807433	0.35453078	0.062513344	-4.900924e-06
1.5895382000168326e-09	0.9854974	0.16948445	0.0021326663	0.35453078	0.062513344	1.5034408e-05
1.6041437165705022e-09	0.985487	0.16954571	0.0021360205	0.35453078	0.062513344	5.2480696e-06
1.6187492596135547e-09	0.9854887	0.16953446	0.002168475	0.35453078	0.062513344	-1.4996426e-05
1.6333550705011945e-09	0.9854964	0.16948952	0.002162925	0.35453078	0.062513344	-5.5960672e-06
1.6484475501655127e-09	0.9854926	0.16951302	0.0021428696	0.35453078	0.062513344	1.5232377e-05
1.6630530375372232e-09	0.9854854	0.16955467	0.0021663394	0.35453078	0.062513344	5.161912e-06
1.6776586614049237e-09	0.9854921	0.16951546	0.0021932323	0.35453078	0.062513344	-1.5198028e-05
1.6922645951724411e-09	0.98550177	0.16945872	0.0021607222	0.35453078	0.062513344	-5.5137452e-06
1.7073571502844597e-09	0.9854951	0.16949822	0.0021152487	0.35453078	0.062513344	1.5433217e-05
1.7219627779926894e-09	0.98548317	0.16956781	0.0021380922	0.35453078	0.062513344	5.0728663e-06
1.7365686747912392e-09	0.985487	0.16954495	0.0021881296	0.35453078	0.062513344	-1.5402811e-05
1.751174588253592e-09	0.985498	0.16947997	0.0021827954	0.35453078	0.062513344	-5.4284938e-06
1.7657801611435612e-09	0.9854961	0.16949166	0.0021465358	0.35453078	0.062513344	1.5364989e-05
1.7808726472743955e-09	0.98548776	0.16954088	0.002151007	0.35453078	0.062513344	4.981333e-06
1.7954779462120987e-09	0.9854915	0.16951859	0.00217226	0.35453078	0.062513344	-1.5610092e-05
1.8100836016536097e-09	0.9854987	0.16947679	0.002151139	0.35453078	0.062513344	-5.3426365e-06
1.824689099025764e-09	0.9854921	0.16951506	0.0021260856	0.35453078	0.062513344	1.5575808e-05
1.8392947152092686e-09	0.9854827	0.16957016	0.002159229	0.35453078	0.062513344	5.704941e-06
1.854386741424171e-09	0.9854899	0.16952792	0.0022022855	0.35453078	0.062513344	-1.5820126e-05
1.8689922973992007e-09	0.98550177	0.16945863	0.0021759074	0.35453078	0.062513344	-5.255066e-06
1.8835975660999395e-09	0.9854971	0.16948555	0.0021248267	0.35453078	0.062513344	1.578947e-05
1.89820330046903e-09	0.9854855	0.16955404	0.0021335334	0.35453078	0.062513344	5.621993e-06
1.912808815850127e-09	0.98548776	0.16954042	0.002174156	0.35453078	0.062513344	-1.5751448e-05
1.9279011463383786e-09	0.985497	0.16948648	0.0021690154	0.35453078	0.062513344	-5.1649386e-06
1.942506492881434e-09	0.9854934	0.16950762	0.0021448703	0.35453078	0.062513344	1.6006623e-05
1.9571120190606785e-09	0.98548585	0.16955148	0.0021637988	0.35453078	0.062513344	5.5365813e-06
1.9717174437880704e-09	0.9854922	0.16951492	0.0021887736	0.35453078	0.062513344	-1.5972288e-05
1.986322851225387e-09	0.9855015	0.16946036	0.0021565596	0.35453078	0.062513344	-5.909676e-06
2.0014153730638565e-09	0.98549414	0.16950397	0.0021149334	0.35453078	0.062513344	1.6227064e-05
2.016021056328058e-09	0.9854823	0.16957276	0.002144104	0.35453078	0.062513344	5.448317e-06
2.0306265027489732e-09	0.98548746	0.16954209	0.00219562	0.35453078	0.062513344	-1.619682e-05
2.045231725106343e-09	0.98549974	0.16947071	0.0021832876	0.35453078	0.062513344	-5.8263795e-06
2.0598371549805592e-09	0.98549694	0.16948688	0.0021387658	0.35453078	0.062513344	1.6158463e-05
2.074929425086263e-09	0.9854867	0.1695462	0.002145112	0.35453078	0.062513344	5.3588456e-06
2.0895348542450626e-09	0.9854904	0.16952537	0.002173484	0.35453078	0.062513344	-1.6424463e-05
2.1041401025294184e-09	0.98549855	0.16947782	0.0021565973	0.35453078	0.062513344	-5.741641e-06
2.118745958894359e-09	0.9854927	0.16951206	0.0021300765	0.35453078	0.062513344	1.6390408e-05
2.133838377744204e-09	0.98548305	0.16956763	0.0021624211	0.35453078	0.062513344	5.265922e-06
2.1484442042824205e-09	0.9854905	0.16952409	0.0022010037	0.35453078	0.062513344	-1.665635e-05
2.1630497227222554e-09	0.98550236	0.16945578	0.0021706854	0.35453078	0.062513344	-5.652343e-06
2.17765559636191e-09	0.9854967	0.16948888	0.0021195319	0.35453078	0.062513344	1.6626647e-05
2.192261160203928e-09	0.98548406	0.16956191	0.0021346938	0.35453078	0.062513344	6.0402576e-06
2.2073538808731546e-09	0.9854877	0.16954055	0.0021826748	0.35453078	0.062513344	-1.6892182e-05
2.221959497274005e-09	0.9854983	0.16947919	0.0021741446	0.35453078	0.062513344	-5.560287e-06
2.236565430321482e-09	0.98549473	0.16950044	0.0021413679	0.35453078	0.062513344	1.6866883e-05
2.2511710278343237e-09	0.9854857	0.16955224	0.002156757	0.35453078	0.062513344	5.9530357e-06
2.2657769446288423e-09	0.9854912	0.16952024	0.0021856022	0.35453078	0.062513344	-1.6833521e-05
2.2808694615713014e-09	0.9855011	0.16946287	0.0021561992	0.35453078	0.062513344	-5.465324e-06
2.2954754309476914e-09	0.9854939	0.16950497	0.002117874	0.35453078	0.062513344	1.711122e-05
2.310080987361269e-09	0.98548204	0.16957293	0.0021476345	0.35453078	0.062513344	5.8631504e-06
2.324686617405525e-09	0.9854879	0.16953881	0.002197628	0.35453078	0.062513344	-1.7082028e-05
2.339292434077988e-09	0.98550075	0.16946548	0.002180532	0.35453078	0.062513344	-6.2629365e-06
2.354385018757662e-09	0.98549664	0.169489	0.002131214	0.35453078	0.062513344	1.735944e-05
2.3689907812475764e-09	0.9854855	0.16955364	0.0021419178	0.35453078	0.062513344	5.770998e-06
2.383596740098144e-09	0.9854893	0.16953118	0.0021780997	0.35453078	0.062513344	-1.7335095e-05
2.3982027536996156e-09	0.9854989	0.16947545	0.002163072	0.35453078	0.062513344	-6.1751057e-06
2.41280829599043e-09	0.98549384	0.16950633	0.0021316337	0.35453078	0.062513344	1.7302396e-05
2.427900971787492e-09	0.9854833	0.16956572	0.002158301	0.35453078	0.062513344	5.67546e-06
2.442506572130917e-09	0.9854901	0.16952558	0.0021971157	0.35453078	0.062513344	-1.7592385e-05
2.4571123936231463e-09	0.98550195	0.1694576	0.002168868	0.35453078	0.062513344	-6.0859575e-06
2.4717176909556753e-09	0.98549634	0.16949181	0.0021202827	0.35453078	0.062513344	1.7563976e-05
2.4863231806509707e-09	0.9854836	0.16956475	0.0021386344	0.35453078	0.062513344	6.4996343e-06
2.501415109201801e-09	0.9854879	0.1695391	0.0021873042	0.35453078	0.062513344	-1.7853436e-05
2.516020602235454e-09	0.98549944	0.16947293	0.0021743479	0.35453078	0.062513344	-5.996903e-06
2.5306257319713304e-09	0.9854952	0.16949753	0.0021363269	0.35453078	0.062513344	1.7829372e-05
2.545231124120196e-09	0.98548496	0.16955645	0.002152621	0.35453078	0.062513344	6.4167107e-06
2.5598363617956433e-09	0.9854903	0.16952495	0.0021867761	0.35453078	0.062513344	-1.7796752e-05
2.574928675144962e-09	0.9855011	0.16946296	0.002161007	0.35453078	0.062513344	-5.905479e-06
2.5895338479564704e-09	0.9854945	0.169502	0.0021207563	0.35453078	0.062513344	1.809973e-05
2.6041393138692784e-09	0.9854826	0.1695711	0.002147713	0.35453078	0.062513344	6.330784e-06
2.6187447656222756e-09	0.9854882	0.16953711	0.0021958267	0.35453078	0.062513344	-1.8072053e-05
2.6338372455484473e-09	0.98550105	0.16946308	0.0021756864	0.35453078	0.062513344	-5.8103738e-06
2.648442492385382e-09	0.98549634	0.16949162	0.0021294625	0.35453078	0.062513344	1.8375513e-05
2.663048167005464e-09	0.98548466	0.16955827	0.00214435	0.35453078	0.062513344	6.240935e-06
2.677653675877129e-09	0.9854893	0.16953102	0.002183083	0.35453078	0.062513344	-1.8352943e-05
2.6922590956993797e-09	0.9854999	0.1694696	0.002164337	0.35453078	0.062513344	-6.6738353e-06
2.70735164208117e-09	0.9854939	0.16950524	0.0021274576	0.35453078	0.062513344	1.8656874e-05
2.7219572243971114e-09	0.9854829	0.1695686	0.0021546683	0.35453078	0.062513344	6.147934e-06
2.7365628566782133e-09	0.9854895	0.16952905	0.0021973152	0.35453078	0.062513344	-1.8639435e-05
2.751168459884112e-09	0.98550195	0.16945721	0.0021706698	0.35453078	0.062513344	-6.586302e-06
2.7657743885620817e-09	0.98549634	0.16949108	0.002121207	0.35453078	0.062513344	1.8613406e-05
2.7808667446258307e-09	0.9854833	0.16956623	0.0021413912	0.35453078	0.062513344	6.051151e-06
2.7954723937459364e-09	0.9854883	0.16953717	0.0021873682	0.35453078	0.062513344	-1.8931778e-05
2.8100779007427917e-09	0.98549986	0.1694698	0.0021713763	0.35453078	0.062513344	-6.4958485e-06
2.8246836183659392e-09	0.9854949	0.16949916	0.0021323129	0.35453078	0.062513344	1.8910752e-05
2.839288837049132e-09	0.98548406	0.16956258	0.0021533675	0.35453078	0.062513344	6.9435746e-06
2.8543812324174086e-09	0.9854905	0.16952363	0.002192134	0.35453078	0.062513344	-1.922947e-05
2.8689867996144965e-09	0.98550206	0.16945729	0.002162618	0.35453078	0.062513344	-6.403647e-06
2.883592696838726e-09	0.9854951	0.16949877	0.0021170173	0.35453078	0.062513344	1.9213992e-05
2.8981979129607344e-09	0.985482	0.16957463	0.0021443553	0.35453078	0.062513344	6.857487e-06
2.912803331076774e-09	0.9854877	0.16954075	0.0021968759	0.35453078	0.062513344	-1.9188836e-05
2.9278957401284176e-09	0.9855012	0.16946189	0.0021770974	0.35453078	0.062513344	-6.3084385e-06
2.9425012573617363e-09	0.98549634	0.16949086	0.0021296043	0.35453078	0.062513344	1.95231e-05
2.9571063864159556e-09	0.9854845	0.16956002	0.0021453563	0.35453078	0.062513344	6.7698356e-06
2.971711792270512e-09	0.9854895	0.16953012	0.0021848783	0.35453078	0.062513344	-1.9503354e-05
2.9863172505995327e-09	0.9855005	0.16946535	0.0021629378	0.35453078	0.062513344	-7.2336206e-06
3.001409350484635e-09	0.9854937	0.16950648	0.002122974	0.35453078	0.062513344	1.9838368e-05
3.0160143884538635e-09	0.98548186	0.16957529	0.0021549158	0.35453078	0.062513344	6.6803095e-06
3.030619444494892e-09	0.9854893	0.16953132	0.0022031053	0.35453078	0.062513344	-1.9823954e-05
3.0452249133184713e-09	0.985503	0.16945124	0.00217426	0.35453078	0.062513344	-7.1517316e-06
3.05983009989547e-09	0.9854971	0.16948584	0.0021180727	0.35453078	0.062513344	1.9800536e-05
3.074922247500687e-09	0.9854829	0.16956978	0.0021373366	0.35453078	0.062513344	6.5881504e-06
3.0895276016075484e-09	0.9854876	0.16954131	0.0021879477	0.35453078	0.062513344	-2.0151887e-05
3.104133241464011e-09	0.9854999	0.16946913	0.0021736564	0.35453078	0.062513344	-7.0656265e-06
3.1187384837634077e-09	0.98549503	0.16949792	0.0021331683	0.35453078	0.062513344	2.0134441e-05
3.1338309586546795e-09	0.98548365	0.16956468	0.0021564336	0.35453078	0.062513344	6.4910937e-06
3.1484365410340682e-09	0.9854908	0.16952232	0.0021944214	0.35453078	0.062513344	-2.0487616e-05
3.1630421951560772e-09	0.98550296	0.16945207	0.0021609874	0.35453078	0.062513344	-6.9752214e-06
3.1776474431747964e-09	0.9854951	0.16949832	0.0021116117	0.35453078	0.062513344	2.047624e-05
3.1922531044317374e-09	0.98548067	0.16958152	0.0021425425	0.35453078	0.062513344	7.463424e-06
3.2073455024344566e-09	0.98548746	0.16954155	0.0022032552	0.35453078	0.062513344	-2.0830872e-05
3.2219512233147366e-09	0.9855021	0.16945636	0.002182193	0.35453078	0.062513344	-6.8815666e-06
3.236556406533621e-09	0.9854973	0.16948466	0.002127808	0.35453078	0.062513344	2.0825782e-05
3.2511621923803088e-09	0.9854843	0.1695607	0.0021405146	0.35453078	0.062513344	7.377196e-06
3.2657679060082323e-09	0.985489	0.16953348	0.00218257	0.35453078	0.062513344	-2.0811458e-05
3.2808605545444955e-09	0.98550075	0.16946507	0.0021615063	0.35453078	0.062513344	-6.7840224e-06
3.2954660746801222e-09	0.9854936	0.16950707	0.0021236488	0.35453078	0.062513344	2.1183916e-05
3.310071700629697e-09	0.9854814	0.16957776	0.002157536	0.35453078	0.062513344	7.286963e-06
3.324677524209983e-09	0.98548967	0.16952948	0.0022065823	0.35453078	0.062513344	-2.1176038e-05
3.339283312436643e-09	0.98550427	0.1694446	0.0021729898	0.35453078	0.062513344	-7.7925615e-06
3.354375836752867e-09	0.98549694	0.16948727	0.002110515	0.35453078	0.062513344	2.1550506e-05
3.368981637283127e-09	0.98548144	0.16957675	0.002133431	0.35453078	0.062513344	7.1925406e-06
3.383587405171632e-09	0.98548657	0.16954732	0.002191609	0.35453078	0.062513344	-2.1549475e-05
3.3981930916423093e-09	0.98550045	0.16946678	0.002179352	0.35453078	0.062513344	-7.7066015e-06
3.4127992772477783e-09	0.9854959	0.16949308	0.0021346442	0.35453078	0.062513344	2.1538763e-05
3.4278918974220747e-09	0.98548377	0.16956364	0.0021537535	0.35453078	0.062513344	7.0940005e-06
3.4424976040859224e-09	0.9854908	0.1695227	0.0021916486	0.35453078	0.062513344	-2.1932174e-05
3.4571033268963085e-09	0.985503	0.16945179	0.0021580432	0.35453078	0.062513344	-7.6163988e-06
3.471709468790263e-09	0.9854945	0.1695018	0.0021100803	0.35453078	0.062513344	2.1928425e-05
3.4863148424769487e-09	0.98547953	0.1695875	0.0021465311	0.35453078	0.062513344	8.142706e-06
3.5014074510636635e-09	0.98548746	0.169541	0.0022095144	0.35453078	0.062513344	-2.2323995e-05
3.5160129186484356e-09	0.9855037	0.16944812	0.00218346	0.35453078	0.062513344	-7.524392e-06
3.5306188381953386e-09	0.98549813	0.16948031	0.0021216904	0.35453078	0.062513344	2.2327085e-05
3.545224495532151e-09	0.98548335	0.16956605	0.0021351136	0.35453078	0.062513344	8.05929e-06
3.5598301163609436e-09	0.9854879	0.1695395	0.0021837882	0.35453078	0.062513344	-2.2319822e-05
3.5749224169132737e-09	0.98550075	0.16946536	0.0021656053	0.35453078	0.062513344	-7.429198e-06
3.5895283034073253e-09	0.9854939	0.16950528	0.0021266465	0.35453078	0.062513344	2.2735965e-05
3.6041335700939797e-09	0.98548126	0.16957726	0.0021595561	0.35453078	0.062513344	7.974057e-06
3.618739025136865e-09	0.9854901	0.16952609	0.0022067819	0.35453078	0.062513344	-2.2735661e-05
3.633831272095155e-09	0.98550534	0.16943891	0.002165967	0.35453078	0.062513344	-7.3320475e-06
3.648437275979479e-09	0.9854965	0.16949026	0.002104714	0.35453078	0.062513344	2.3155038e-05
3.663042596032849e-09	0.98547983	0.16958606	0.0021347983	0.35453078	0.062513344	7.885643e-06
3.6776482295675386e-09	0.9854861	0.16954988	0.002200023	0.35453078	0.062513344	-2.3162695e-05
3.6922540459625856e-09	0.98550195	0.16945831	0.002184151	0.35453078	0.062513344	-8.443801e-06
3.7073464178171537e-09	0.98549664	0.16948895	0.0021301121	0.35453078	0.062513344	2.3585342e-05
3.7219517346273364e-09	0.9854833	0.16956586	0.0021483295	0.35453078	0.062513344	7.793512e-06
3.736557101297247e-09	0.9854901	0.16952664	0.0021901252	0.35453078	0.062513344	-2.3600871e-05
3.751162723475903e-09	0.985503	0.16945197	0.0021584756	0.35453078	0.062513344	-8.362515e-06
3.765768089135909e-09	0.9854943	0.16950318	0.0021108773	0.35453078	0.062513344	2.3605955e-05
3.780860843581262e-09	0.98547894	0.16959164	0.002153258	0.35453078	0.062513344	7.6978695e-06
3.7954666180987185e-09	0.9854882	0.1695371	0.0022143973	0.35453078	0.062513344	-2.4051587e-05
3.8100724826143094e-09	0.98550534	0.16943866	0.0021805272	0.35453078	0.062513344	-8.275147e-06
3.824678227475222e-09	0.98549855	0.16947906	0.002112283	0.35453078	0.062513344	2.4065666e-05
3.839284185061702e-09	0.9854817	0.16957639	0.002131161	0.35453078	0.062513344	8.857688e-06
3.854376664856334e-09	0.9854871	0.16954324	0.002191009	0.35453078	0.062513344	-2.4515297e-05
3.868982435646291e-09	0.9855015	0.16945995	0.002172228	0.35453078	0.062513344	-8.183713e-06
3.88358777936703e-09	0.9854951	0.16949888	0.0021260162	0.35453078	0.062513344	2.453777e-05
3.898193416498638e-09	0.98548126	0.1695779	0.0021559596	0.35453078	0.062513344	8.778659e-06
3.912798896374212e-09	0.9854898	0.16952763	0.0022051183	0.35453078	0.062513344	-2.454925e-05
3.9278914848111944e-09	0.9855056	0.16943678	0.0021630062	0.35453078	0.062513344	-8.09096e-06
3.942497106932994e-09	0.98549604	0.16949324	0.0021016137	0.35453078	0.062513344	2.5023248e-05
3.957103050496157e-09	0.98547864	0.169594	0.0021380458	0.35453078	0.062513344	8.695171e-06
3.971708912786194e-09	0.98548585	0.16955006	0.0022083463	0.35453078	0.062513344	-2.5044546e-05
3.9863145662092694e-09	0.98550355	0.16944793	0.0021865277	0.35453078	0.062513344	-9.305582e-06
4.001406955336441e-09	0.9854977	0.16948369	0.0021214352	0.35453078	0.062513344	2.5523448e-05
4.01601276088039e-09	0.98548204	0.16957366	0.0021414643	0.35453078	0.062513344	8.607895e-06
4.030618196619336e-09	0.9854887	0.16953456	0.0021927555	0.35453078	0.062513344	-2.5553836e-05
4.0452237246263085e-09	0.98550326	0.16945021	0.002164341	0.35453078	0.062513344	-9.2312985e-06
4.0598294671947075e-09	0.9854949	0.16949925	0.0021128054	0.35453078	0.062513344	2.557295e-05
4.074921804098665e-09	0.98547864	0.16959305	0.002153204	0.35453078	0.062513344	8.518721e-06
4.0895272856687894e-09	0.9854883	0.16953604	0.0022152362	0.35453078	0.062513344	-2.6078407e-05
4.1041328051218155e-09	0.98550606	0.16943322	0.0021776662	0.35453078	0.062513344	-9.15386e-06
4.118738394648767e-09	0.9854983	0.16947992	0.0021063674	0.35453078	0.062513344	2.6107356e-05
4.133830652165777e-09	0.98547965	0.16958791	0.0021336607	0.35453078	0.062513344	8.4262465e-06
4.148436153844765e-09	0.9854865	0.169547	0.0021996314	0.35453078	0.062513344	-2.6619051e-05
4.163041829700091e-09	0.985503	0.16945104	0.0021777025	0.35453078	0.062513344	-9.073061e-06
4.1776472542101346e-09	0.98549634	0.16949141	0.0021216788	0.35453078	0.062513344	2.6658494e-05
4.192252425570835e-09	0.98548084	0.16958146	0.002149726	0.35453078	0.062513344	9.728789e-06
4.207344833779241e-09	0.9854895	0.16952918	0.0022054436	0.35453078	0.062513344	-2.7176675e-05
4.221950207185984e-09	0.98550576	0.16943537	0.002165546	0.35453078	0.062513344	-8.990457e-06
4.236555668459091e-09	0.9854961	0.16949236	0.002102205	0.35453078	0.062513344	2.722689e-05
4.251160762688237e-09	0.98547804	0.16959755	0.002140119	0.35453078	0.062513344	9.659333e-06
4.265766272210326e-09	0.98548627	0.16954869	0.0022120515	0.35453078	0.062513344	-2.7265114e-05
4.28085871551329e-09	0.98550534	0.16943786	0.0021825873	0.35453078	0.062513344	-8.903679e-06
4.295464462234147e-09	0.98549795	0.1694819	0.002114223	0.35453078	0.062513344	2.781435e-05
4.310069773685117e-09	0.98548067	0.1695828	0.00213866	0.35453078	0.062513344	9.5844935e-06
4.324675202862315e-09	0.9854877	0.16953988	0.0021985671	0.35453078	0.062513344	-2.7864318e-05
4.339280692666065e-09	0.98550427	0.16944408	0.0021692922	0.35453078	0.062513344	-1.0273901e-05
4.354372932264405e-09	0.9854953	0.16949736	0.0021100424	0.35453078	0.062513344	2.8421216e-05
4.368978132180867e-09	0.9854782	0.16959603	0.0021496783	0.35453078	0.062513344	9.507995e-06
4.383583534322591e-09	0.9854881	0.1695384	0.0022153065	0.35453078	0.062513344	-2.8483253e-05
4.398189184121761e-09	0.9855068	0.16942967	0.002176885	0.35453078	0.062513344	-1.0211364e-05
4.4127945269434805e-09	0.98549813	0.16948056	0.0021035268	0.35453078	0.062513344	2.8533635e-05
4.427886900128102e-09	0.98547846	0.16959447	0.0021351913	0.35453078	0.062513344	9.426487e-06
4.442492519013644e-09	0.9854865	0.16954732	0.0022054154	0.35453078	0.062513344	-2.9124423e-05
4.457098015520523e-09	0.98550457	0.1694419	0.002178068	0.35453078	0.062513344	-1.0144481e-05
4.471703225704882e-09	0.9854967	0.16948833	0.0021146766	0.35453078	0.062513344	2.9187398e-05
4.486308692541651e-09	0.98547924	0.16959015	0.0021464247	0.35453078	0.062513344	1.0873104e-05
4.5014005841572856e-09	0.9854888	0.1695339	0.0022097882	0.35453078	0.062513344	-2.9787438e-05
4.5160058705192085e-09	0.9855068	0.1694295	0.0021688612	0.35453078	0.062513344	-1.0077198e-05
4.5306109461364174e-09	0.9854967	0.16948894	0.0020996276	0.35453078	0.062513344	2.9863628e-05
4.545216421201553e-09	0.98547703	0.16960292	0.0021389837	0.35453078	0.062513344	1.082219e-05
4.560308349822079e-09	0.9854867	0.16954608	0.0022159787	0.35453078	0.062513344	-3.047433e-05
4.574913825033913e-09	0.98550636	0.16943145	0.0021818026	0.35453078	0.062513344	-1.0006036e-05
4.58951890439887e-09	0.98549795	0.16948144	0.002109117	0.35453078	0.062513344	3.056513e-05
4.604124577575748e-09	0.98547894	0.16959183	0.002138974	0.35453078	0.062513344	1.0766908e-05
4.618730176174765e-09	0.98548746	0.16954203	0.0022058538	0.35453078	0.062513344	-3.0644376e-05
4.633822793831039e-09	0.9855062	0.1694333	0.002168693	0.35453078	0.062513344	-9.927728e-06
4.6484281803077385e-09	0.98549575	0.16949408	0.0021035145	0.35453078	0.062513344	3.129465e-05
4.663033924179213e-09	0.9854767	0.16960496	0.002146898	0.35453078	0.062513344	1.0704443e-05
4.677639379677448e-09	0.98548716	0.16954274	0.0022208784	0.35453078	0.062513344	-3.138922e-05
4.692244748590404e-09	0.98550814	0.16942176	0.00218008	0.35453078	0.062513344	-1.1493439e-05
4.707337307088028e-09	0.98549795	0.16948128	0.0020981792	0.35453078	0.062513344	3.2052216e-05
4.721942978090455e-09	0.98547715	0.1696021	0.0021339098	0.35453078	0.062513344	1.0639404e-05
4.736548435859874e-09	0.9854861	0.16954978	0.0022104492	0.35453078	0.062513344	-3.2163076e-05
4.751154083901282e-09	0.9855062	0.16943336	0.0021790888	0.35453078	0.062513344	-1.1445917e-05
4.76575979733593e-09	0.9854973	0.16948557	0.0021085015	0.35453078	0.062513344	3.226168e-05
4.780852233627375e-09	0.9854773	0.16960092	0.0021480306	0.35453078	0.062513344	1.056992e-05
4.795457569504995e-09	0.9854883	0.16953647	0.0022171987	0.35453078	0.062513344	-3.2968124e-05
4.810063162179793e-09	0.98550874	0.16941878	0.0021711148	0.35453078	0.062513344	-1.1396228e-05
4.824669019808599e-09	0.98549753	0.16948432	0.0020921186	0.35453078	0.062513344	3.3084336e-05
4.839274378119471e-09	0.98547524	0.16961297	0.0021348451	0.35453078	0.062513344	1.2234432e-05
4.854366599840738e-09	0.98548585	0.16955075	0.0022227764	0.35453078	0.062513344	-3.3806224e-05
4.868971796134243e-09	0.98550814	0.16942208	0.0021855456	0.35453078	0.062513344	-1.1344938e-05
4.883577287612682e-09	0.9854989	0.1694763	0.0021038442	0.35453078	0.062513344	3.3940134e-05
4.8981823119560624e-09	0.98547745	0.16959986	0.0021357771	0.35453078	0.062513344	1.2206492e-05
4.912787734321342e-09	0.9854867	0.16954608	0.002210331	0.35453078	0.062513344	-3.4060915e-05
4.9278798340443015e-09	0.9855078	0.16942395	0.0021698803	0.35453078	0.062513344	-1.129254e-05
4.942485539867489e-09	0.98549634	0.16949141	0.0020968684	0.35453078	0.062513344	3.483265e-05
4.9570908343202515e-09	0.9854748	0.16961576	0.0021453856	0.35453078	0.062513344	1.2174047e-05
4.9716964317962336e-09	0.9854865	0.16954656	0.0022288233	0.35453078	0.062513344	-3.497404e-05
4.986301956846486e-09	0.9855102	0.16941027	0.0021834369	0.35453078	0.062513344	-1.3070005e-05
5.0013941664118485e-09	0.985499	0.16947563	0.0020896173	0.35453078	0.062513344	3.576498e-05
5.015999504504989e-09	0.98547524	0.16961321	0.0021286963	0.35453078	0.062513344	1.2138463e-05
5.030605050112113e-09	0.9854848	0.1695568	0.0022164148	0.35453078	0.062513344	-3.5927846e-05
5.045210550582298e-09	0.98550755	0.16942503	0.0021840075	0.35453078	0.062513344	-1.3058383e-05
5.0603028220277205e-09	0.9854973	0.1694852	0.0021032644	0.35453078	0.062513344	3.6739537e-05
5.074908257558293e-09	0.98547584	0.16960932	0.002145646	0.35453078	0.062513344	1.2099789e-05
5.089513937075098e-09	0.98548776	0.16953938	0.002222234	0.35453078	0.062513344	-3.692579e-05
5.10411951444626e-09	0.98551047	0.16940868	0.0021715523	0.35453078	0.062513344	-1.3043622e-05
5.118724720969983e-09	0.985498	0.16948202	0.002084452	0.35453078	0.062513344	3.7098984e-05
5.133817299472007e-09	0.9854726	0.16962814	0.0021368985	0.35453078	0.062513344	1.20569875e-05
5.148423117637958e-09	0.9854849	0.16955584	0.002232595	0.35453078	0.062513344	-3.797121e-05
5.163028809966758e-09	0.98551035	0.16940887	0.0021904684	0.35453078	0.062513344	-1.3025652e-05
5.177634397901028e-09	0.98550034	0.16946882	0.0020961238	0.35453078	0.062513344	3.817026e-05
5.192240302127405e-09	0.9854757	0.16961014	0.0021300095	0.35453078	0.062513344	1.401299e-05
5.207333041814554e-09	0.98548627	0.16954796	0.0022163433	0.35453078	0.062513344	-3.906834e-05
5.221938853245187e-09	0.98550916	0.16941564	0.002173402	0.35453078	0.062513344	-1.3002502e-05
5.236544419747533e-09	0.98549694	0.1694881	0.0020928103	0.35453078	0.062513344	3.9294744e-05
5.2511503223151005e-09	0.98547304	0.16962565	0.0021456645	0.35453078	0.062513344	1.4018342e-05
5.265755735413332e-09	0.98548627	0.16954768	0.002236398	0.35453078	0.062513344	-3.950876e-05
5.280848150980168e-09	0.9855129	0.16939397	0.0021795623	0.35453078	0.062513344	-1.2980186e-05
5.295453446511059e-09	0.98549974	0.16947234	0.002078601	0.35453078	0.062513344	4.047471e-05
5.31005936277109e-09	0.9854725	0.16962919	0.0021253466	0.35453078	0.062513344	1.4026997e-05
5.3246649734169004e-09	0.98548347	0.16956389	0.0022271157	0.35453078	0.062513344	-4.071878e-05
5.339270639359217e-09	0.98551	0.16941114	0.0021902774	0.35453078	0.062513344	-1.5095441e-05
5.354363123250697e-09	0.98549885	0.16947705	0.0020966467	0.35453078	0.062513344	4.1717267e-05
5.368969032140134e-09	0.9854742	0.16961944	0.002140824	0.35453078	0.062513344	1.4032122e-05
5.383574450078118e-09	0.985487	0.16954404	0.0022268947	0.35453078	0.062513344	-4.1993364e-05
5.398179897391462e-09	0.9855122	0.16939785	0.002171941	0.35453078	0.062513344	-1.51355125e-05
5.412785710683553e-09	0.9854983	0.16948055	0.0020766035	0.35453078	0.062513344	4.2257598e-05
5.427878311071001e-09	0.98547024	0.169643	0.0021384668	0.35453078	0.062513344	1.4038117e-05
5.442483777919904e-09	0.9854846	0.16955762	0.0022447796	0.35453078	0.062513344	-4.3337423e-05
5.4570894429788166e-09	0.98551357	0.16938992	0.0021922812	0.35453078	0.062513344	-1.5175266e-05
5.471695408608734e-09	0.9855015	0.16946203	0.0020821455	0.35453078	0.062513344	4.3638043e-05
5.48630086040026e-09	0.98547286	0.16962825	0.0021231915	0.35453078	0.062513344	1.6337173e-05
5.501393534188302e-09	0.98548466	0.16955698	0.0022264782	0.35453078	0.062513344	-4.4758064e-05
5.515999334515056e-09	0.9855116	0.16940187	0.0021799235	0.35453078	0.062513344	-1.5214417e-05
5.530605402755408e-09	0.98549813	0.16948088	0.0020861053	0.35453078	0.062513344	4.5098208e-05
5.545211111425574e-09	0.985471	0.16963826	0.002142921	0.35453078	0.062513344	1.6413565e-05
5.560303897745772e-09	0.98548687	0.16954437	0.0022449363	0.35453078	0.062513344	-4.6262507e-05
5.57490956899973e-09	0.9855157	0.16937795	0.0021781342	0.35453078	0.062513344	-1.5252942e-05
5.5895155570928895e-09	0.98550004	0.16947067	0.002065671	0.35453078	0.062513344	4.6645226e-05
5.604121008065474e-09	0.98546904	0.16965048	0.0021243077	0.35453078	0.062513344	1.6495047e-05
5.618726689991973e-09	0.9854824	0.16957058	0.0022434595	0.35453078	0.062513344	-4.7017274e-05
5.633819059633533e-09	0.985514	0.16938701	0.0021926055	0.35453078	0.062513344	-1.5296377e-05
5.6484249245832066e-09	0.9855005	0.16946714	0.0020823805	0.35453078	0.062513344	4.8285754e-05
5.663030254755382e-09	0.9854711	0.16963784	0.002132398	0.35453078	0.062513344	1.6583697e-05
5.677636017893642e-09	0.9854852	0.16955447	0.0022364461	0.35453078	0.062513344	-4.870586e-05
5.692241680193194e-09	0.9855148	0.16938287	0.0021779074	0.35453078	0.062513344	-1.7903923e-05
5.7073338906237266e-09	0.98549813	0.16948146	0.0020673603	0.35453078	0.062513344	5.0029837e-05
5.721939133763713e-09	0.9854672	0.16966039	0.0021378265	0.35453078	0.062513344	1.6678789e-05
5.736544819970413e-09	0.98548406	0.16956076	0.0022576596	0.35453078	0.062513344	-5.0502713e-05
5.7511506769615035e-09	0.9855173	0.1693674	0.0021932996	0.35453078	0.062513344	-1.8048171e-05
5.765756132507125e-09	0.98550254	0.16945553	0.0020649033	0.35453078	0.062513344	5.0968763e-05
5.780848476744971e-09	0.98546803	0.16965595	0.0021221908	0.35453078	0.062513344	1.6776423e-05
5.795454179241388e-09	0.9854829	0.16956747	0.0022441417	0.35453078	0.062513344	-5.2421245e-05
5.810059748217991e-09	0.9855154	0.16937883	0.0021894567	0.35453078	0.062513344	-1.8200564e-05
5.824665271730863e-09	0.98550045	0.16946796	0.0020733264	0.35453078	0.062513344	5.2947405e-05
5.839270946588725e-09	0.9854678	0.16965668	0.0021342952	0.35453078	0.062513344	1.9667039e-05
5.854363229732276e-09	0.9854854	0.16955316	0.0022556328	0.35453078	0.062513344	-5.447285e-05
5.868968754813865e-09	0.985519	0.16935857	0.0021817244	0.35453078	0.062513344	-1.8362838e-05
5.8835739416401775e-09	0.98550093	0.1694651	0.0020529751	0.35453078	0.062513344	5.5065637e-05
5.8981794369925876e-09	0.9854648	0.16967389	0.0021226727	0.35453078	0.062513344	1.9893445e-05
5.912784649273107e-09	0.98548126	0.16957708	0.002260843	0.35453078	0.062513344	-5.5654513e-05
5.927876883319188e-09	0.985519	0.16935854	0.0021967865	0.35453078	0.062513344	-1.8541103e-05
5.942481998713648e-09	0.98550236	0.16945677	0.002062427	0.35453078	0.062513344	5.7339155e-05
5.957087651681826e-09	0.9854664	0.16966538	0.0021233328	0.35453078	0.062513344	2.0137248e-05
5.971693094317011e-09	0.98548275	0.16956829	0.0022529957	0.35453078	0.062513344	-5.800679e-05
5.9862986916563995e-09	0.9855188	0.1693592	0.0021877238	0.35453078	0.062513344	-2.178427e-05
6.001391117794353e-09	0.98550016	0.16946958	0.0020535293	0.35453078	0.062513344	5.9790058e-05
6.015997100894466e-09	0.9854632	0.1696835	0.0021316246	0.35453078	0.062513344	2.0390913e-05
6.0306026530424136e-09	0.9854827	0.16956906	0.0022716238	0.35453078	0.062513344	-6.0546623e-05
6.045208000586514e-09	0.9855219	0.16934144	0.0021961157	0.35453078	0.062513344	-2.2115426e-05
6.060300466632612e-09	0.98550236	0.16945681	0.0020441497	0.35453078	0.062513344	6.2438274e-05
6.074906212169565e-09	0.9854626	0.16968723	0.0021184527	0.35453078	0.062513344	2.0666177e-05
6.089511574774443e-09	0.98548114	0.16957735	0.0022661968	0.35453078	0.062513344	-6.329335e-05
6.104116841570171e-09	0.98552114	0.169346	0.002197127	0.35453078	0.062513344	-2.2475982e-05
6.118722415303231e-09	0.98550284	0.16945414	0.0020520405	0.35453078	0.062513344	6.41545e-05
6.1338147795840974e-09	0.9854619	0.1696909	0.002129621	0.35453078	0.062513344	2.0967374e-05
6.148420269267655e-09	0.98548305	0.1695669	0.002274203	0.35453078	0.062513344	-6.627533e-05
6.1630258726136285e-09	0.9855241	0.16932897	0.002189802	0.35453078	0.062513344	-2.2865259e-05
6.17763164960255e-09	0.98550296	0.16945378	0.0020350246	0.35453078	0.062513344	6.7256085e-05
6.192237077838053e-09	0.9854594	0.1697055	0.0021177467	0.35453078	0.062513344	2.4837052e-05
6.2073296459768555e-09	0.98548114	0.16957745	0.0022843205	0.35453078	0.062513344	-6.95272e-05
6.22193545710586e-09	0.98552525	0.16932242	0.0022007537	0.35453078	0.062513344	-2.3284585e-05
6.236541041652391e-09	0.98550415	0.16944642	0.0020371445	0.35453078	0.062513344	7.0643815e-05
6.2511465002246825e-09	0.9854594	0.1697051	0.0021164771	0.35453078	0.062513344	2.5366198e-05
6.265752323415054e-09	0.9854801	0.1695827	0.002279995	0.35453078	0.062513344	-7.178026e-05
6.280844907087197e-09	0.9855263	0.16931583	0.0021918812	0.35453078	0.062513344	-2.3743776e-05
6.295450729016466e-09	0.98550284	0.16945441	0.0020281135	0.35453078	0.062513344	7.436034e-05
6.310056000233394e-09	0.98545635	0.16972296	0.0021219207	0.35453078	0.062513344	2.5945332e-05
6.324661662936514e-09	0.98547995	0.16958408	0.0022963986	0.35453078	0.062513344	-7.566135e-05
6.339267232174215e-09	0.98552907	0.16930076	0.0022044086	0.35453078	0.062513344	-2.8245342e-05
6.3543599303457485e-09	0.98550445	0.16944481	0.0020177856	0.35453078	0.062513344	7.845458e-05
6.368965549172828e-09	0.98545486	0.16973162	0.002112584	0.35453078	0.062513344	2.6582635e-05
6.383571431631012e-09	0.9854789	0.1695904	0.0022966317	0.35453078	0.062513344	-7.995047e-05
6.398177070719944e-09	0.98552954	0.16929717	0.0022049788	0.35453078	0.062513344	-2.9026967e-05
6.412782531527257e-09	0.9855059	0.16943733	0.0020185693	0.35453078	0.062513344	8.1488615e-05
6.427875126278373e-09	0.98545295	0.16974248	0.0021203666	0.35453078	0.062513344	2.7288037e-05
6.4424809975315774e-09	0.98547983	0.16958442	0.0023084276	0.35453078	0.062513344	-8.471437e-05
6.457086688569827e-09	0.98553306	0.16927628	0.002201585	0.35453078	0.062513344	-2.9897183e-05
6.471691963933428e-09	0.98550653	0.16943386	0.002001008	0.35453078	0.062513344	8.649485e-05
6.4862976130074415e-09	0.98545015	0.16975899	0.0021051683	0.35453078	0.062513344	3.265012e-05
6.501389828787936e-09	0.98547804	0.16959468	0.0023194004	0.35453078	0.062513344	-9.003626e-05
6.515995076221313e-09	0.9855351	0.1692653	0.002210517	0.35453078	0.062513344	-3.0881947e-05
6.530600402521204e-09	0.98550755	0.16942793	0.0019990476	0.35453078	0.062513344	9.210484e-05
6.54520595001866e-09	0.98544896	0.1697665	0.0021055248	0.35453078	0.062513344	3.3844026e-05
6.5602979813959036e-09	0.98547876	0.16959031	0.0023239164	0.35453078	0.062513344	-9.60226e-05
6.574903295199617e-09	0.98553777	0.16924898	0.002202725	0.35453078	0.062513344	-3.1992593e-05
6.5895085107808e-09	0.9855068	0.1694327	0.0019831143	0.35453078	0.062513344	9.843982e-05
6.604113996744196e-09	0.9854443	0.16979288	0.0021074272	0.35453078	0.062513344	3.5196892e-05
6.6187189934782915e-09	0.98547524	0.1696101	0.002342403	0.35453078	0.062513344	-0.000100972
6.6338112116539775e-09	0.9855421	0.1692239	0.002211355	0.35453078	0.062513344	-3.3256692e-05
6.64841645252385e-09	0.98550886	0.16942029	0.001969747	0.35453078	0.062513344	0.0001056528
6.663022117717749e-09	0.9854417	0.16980803	0.0020974376	0.35453078	0.062513344	3.6738664e-05
6.67762741970502e-09	0.98547405	0.169617	0.0023466074	0.35453078	0.062513344	-0.00010865131
6.6922329871213515e-09	0.9855433	0.16921657	0.0022208188	0.35453078	0.062513344	-4.045864e-05
6.70732553834041e-09	0.98550814	0.16942482	0.0019616117	0.35453078	0.062513344	0.000113947426
6.721931439476618e-09	0.9854377	0.16983132	0.002106005	0.35453078	0.062513344	3.8499027e-05
6.736536740083236e-09	0.98547477	0.16961269	0.0023681356	0.35453078	0.062513344	-0.000117526346
6.75114226273901e-09	0.98554933	0.16918139	0.002219409	0.35453078	0.062513344	-4.2594187e-05
6.765747882685063e-09	0.9855124	0.16940027	0.0019376756	0.35453078	0.062513344	0.000121337696
6.780840325261715e-09	0.98543185	0.16986568	0.0020953342	0.35453078	0.062513344	4.055433e-05
6.795445738265638e-09	0.985472	0.16962843	0.0023872561	0.35453078	0.062513344	-0.00012789542
6.810051365775287e-09	0.9855533	0.16915777	0.0022318684	0.35453078	0.062513344	-4.509847e-05
6.8246572091533365e-09	0.9855141	0.16939034	0.001928747	0.35453078	0.062513344	0.0001325276
6.839262924473402e-09	0.98542947	0.16988002	0.0020831216	0.35453078	0.062513344	5.002171e-05
6.854355555537529e-09	0.9854725	0.16962504	0.002400792	0.35453078	0.062513344	-0.00014017998
6.868961386211417e-09	0.98555917	0.16912365	0.0022226102	0.35453078	0.062513344	-4.8060057e-05
6.883567438917559e-09	0.9855135	0.16939408	0.0018990224	0.35453078	0.062513344	0.00014588566
6.898173022957026e-09	0.98542094	0.16992965	0.0020848226	0.35453078	0.062513344	5.3629094e-05
6.912778879550002e-09	0.98546743	0.1696552	0.0024349545	0.35453078	0.062513344	-0.00015209655
6.927871368931255e-09	0.9855681	0.1690721	0.0022349427	0.35453078	0.062513344	-5.1638875e-05
6.942477081339566e-09	0.985517	0.16937374	0.0018679299	0.35453078	0.062513344	0.00016210263
6.9570824398023186e-09	0.9854138	0.16997105	0.0020685392	0.35453078	0.062513344	5.8041463e-05
6.971688265024165e-09	0.9854646	0.16967118	0.0024550266	0.35453078	0.062513344	-0.00016996625
6.986780628725665e-09	0.98557484	0.16903253	0.0022376066	0.35453078	0.062513344	-5.6064913e-05
7.001386537043354e-09	0.9855172	0.16937308	0.0018428527	0.35453078	0.062513344	0.00018221622
7.0159919325733895e-09	0.9854042	0.17002656	0.0020771495	0.35453078	0.062513344	6.3544394e-05
7.03059774377677e-09	0.9854646	0.16967033	0.0024999033	0.35453078	0.062513344	-0.000192407
7.045203357784672e-09	0.9855866	0.16896372	0.0022514244	0.35453078	0.062513344	-7.197347e-05
7.060295833249586e-09	0.9855193	0.16936187	0.0017832303	0.35453078	0.062513344	0.00020783058
7.0749012685633975e-09	0.9853893	0.17011306	0.0020634623	0.35453078	0.062513344	7.060802e-05
7.089506868624959e-09	0.9854597	0.16969779	0.0025563668	0.35453078	0.062513344	-0.00022143366
7.104112341774624e-09	0.98560053	0.16888173	0.0022726215	0.35453078	0.062513344	-8.088439e-05
7.118717690887234e-09	0.9855288	0.16930583	0.001740776	0.35453078	0.062513344	0.00023706735
7.133809975019663e-09	0.98537445	0.17019904	0.0020560639	0.35453078	0.062513344	8.0020254e-05
7.148415425209054e-09	0.9854578	0.16970813	0.002612721	0.35453078	0.062513344	-0.00026045518
7.163020859280861e-09	0.9856196	0.1687708	0.0022671623	0.35453078	0.062513344	-9.301504e-05
7.177626227201187e-09	0.98553056	0.16929702	0.0016567796	0.35453078	0.062513344	0.00028274866
7.19223194906801e-09	0.9853508	0.1703363	0.0020338316	0.35453078	0.062513344	0.00010850899
7.20732429833793e-09	0.98545414	0.16972739	0.0027251097	0.35453078	0.062513344	-0.0003157389
7.22192969432619e-09	0.98565054	0.16859002	0.0022815408	0.35453078	0.062513344	-0.00011046372
7.236535029338648e-09	0.9855379	0.16925532	0.0015307624	0.35453078	0.062513344	0.00034966867
7.251140588608629e-09	0.9853155	0.17054011	0.0020078674	0.35453078	0.062513344	0.00013195457
7.265745850834576e-09	0.9854376	0.1698217	0.0028547877	0.35453078	0.062513344	-0.000392271
7.280838001785737e-09	0.9856925	0.16834366	0.0022910915	0.35453078	0.062513344	-0.00013776966
7.295443073888228e-09	0.9855435	0.169224	0.0013578938	0.35453078	0.062513344	0.00045713576
7.3100485504451145e-09	0.9852586	0.17086822	0.002014445	0.35453078	0.062513344	0.00017080133
7.324653775184613e-09	0.9854311	0.16985577	0.0031002979	0.35453078	0.062513344	-0.0005340762
7.33925910020814e-09	0.98576826	0.16790052	0.0023210705	0.35453078	0.062513344	-0.00021657073
7.3543512799751456e-09	0.98554933	0.16919291	0.0010060067	0.35453078	0.062513344	0.00065813836
7.368956847689431e-09	0.98514354	0.17153035	0.0020381073	0.35453078	0.062513344	0.00024752412
7.383561899429236e-09	0.98542035	0.16990769	0.0035997778	0.35453078	0.062513344	-0.0008333111
7.3981672275089565e-09	0.985937	0.1669075	0.0022659542	0.35453078	0.062513344	-0.00034735005
7.4127727786073105e-09	0.9855718	0.16906457	0.00025573245	0.35453078	0.062513344	0.0011410969
7.427864998463569e-09	0.9848438	0.17323928	0.0022943048	0.35453078	0.062513344	0.0004705435
7.442470140340004e-09	0.98545855	0.16965133	0.004944913	0.35453078	0.062513344	-0.001879734
7.457075460936691e-09	0.98656064	0.16319297	0.0013614509	0.35453078	0.062513344	-0.0009511074
7.471680975657864e-09	0.9852497	0.17091046	-0.0026858307	0.35453078	0.062513344	0.0048994184
7.486773279661458e-09	0.98112637	0.19293477	0.0099668205	0.35453078	0.062513344	0.009843987
7.501378589118817e-09	0.9793836	0.19816677	0.038315557	0.35453078	0.062513344	0.007579866
7.515983759377826e-09	0.98441035	0.16736512	0.05343643	0.35453078	0.062513344	0.001145636
7.530589070454245e-09	0.9916668	0.12531413	0.028690878	0.35453078	0.062513344	-0.0021564453
7.54519441992654e-09	0.9925666	0.11926418	-0.022499919	0.35453078	0.062513344	-0.00057735236
7.560287613827476e-09	0.98513746	0.16267253	-0.0542012	0.35453078	0.062513344	0.0012627799
7.574894381275593e-09	0.9767449	0.21140945	-0.03395626	0.35453078	0.062513344	0.0003442768
7.589501364978426e-09	0.97501826	0.2211434	0.017307125	0.35453078	0.062513344	-0.00088713
7.604106807292438e-09	0.9809284	0.18648313	0.053499315	0.35453078	0.062513344	-0.00027289044
7.618712102838599e-09	0.98903096	0.13998123	0.04552277	0.35453078	0.062513344	0.0006811572
7.63380415305334e-09	0.9927383	0.11954584	0.0007984789	0.35453078	0.062513344	0.00019790138
7.648410103785172e-09	0.98908204	0.14081228	-0.040915992	0.35453078	0.062513344	-0.0005596807
7.663015811148562e-09	0.98145944	0.18514979	-0.046951443	0.35453078	0.062513344	-0.0001755113
7.677622536169476e-09	0.97592545	0.21711741	-0.011966075	0.35453078	0.062513344	0.00046925852
7.692228460988806e-09	0.9770788	0.2092602	0.035174802	0.35453078	0.062513344	0.00015946299
7.707320733667821e-09	0.9846391	0.16512085	0.05402097	0.35453078	0.062513344	-0.00040945434
7.721925716570683e-09	0.99152327	0.12570964	0.02710025	0.35453078	0.062513344	-0.00012747687
7.736531586282663e-09	0.9917572	0.12490777	-0.020591151	0.35453078	0.062513344	0.00035843567
7.75113779091924e-09	0.98544705	0.16179429	-0.047766797	0.35453078	0.062513344	0.00012045432
7.765744295399128e-09	0.97836226	0.20312059	-0.03235194	0.35453078	0.062513344	-0.00031808598
7.780837353680374e-09	0.97629786	0.21486445	0.012462167	0.35453078	0.062513344	-9.881197e-05
7.795442939507582e-09	0.98072094	0.18851209	0.046299074	0.35453078	0.062513344	0.00029030856
7.810048169015962e-09	0.98791325	0.14698732	0.043189205	0.35453078	0.062513344	9.575046e-05
7.824653606033508e-09	0.9919278	0.12417915	0.0061774813	0.35453078	0.062513344	-0.00026302855
7.839259873352049e-09	0.98932326	0.1394022	-0.033941597	0.35453078	0.062513344	-9.3136034e-05
7.854353103096988e-09	0.9821141	0.18132703	-0.042866718	0.35453078	0.062513344	0.0002441598
7.868959378115275e-09	0.97691447	0.21136196	-0.012717797	0.35453078	0.062513344	7.86921e-05
7.883564742875532e-09	0.9778894	0.20524676	0.02908019	0.35453078	0.062513344	-0.00022443387
7.898169970667208e-09	0.98402786	0.169405	0.046985444	0.35453078	0.062513344	-7.7715544e-05
7.912775099388949e-09	0.99002016	0.13507086	0.027187193	0.35453078	0.062513344	0.00020732613
7.927867721090645e-09	0.99084854	0.13083725	-0.013667411	0.35453078	0.062513344	6.627672e-05
7.942473627869998e-09	0.9860561	0.15876918	-0.03907719	0.35453078	0.062513344	-0.0001958491
7.957079936681366e-09	0.97992164	0.19433606	-0.030065084	0.35453078	0.062513344	-6.617875e-05
7.971685167118058e-09	0.9773937	0.20883831	0.005062139	0.35453078	0.062513344	0.00018260803
7.986776734979778e-09	0.9805866	0.18979704	0.03762588	0.35453078	0.062513344	5.6785964e-05
8.001381614765593e-09	0.9867174	0.15414836	0.038909465	0.35453078	0.062513344	-0.00017382586
8.015987192229465e-09	0.99062467	0.13186002	0.0097060995	0.35453078	0.062513344	-5.7268455e-05
8.030592822336266e-09	0.98900425	0.14166537	-0.024915412	0.35453078	0.062513344	0.0001632456
8.045199095993833e-09	0.9834149	0.17406756	-0.035955857	0.35453078	0.062513344	5.7650508e-05
8.060291955135612e-09	0.9786949	0.20144682	-0.014276209	0.35453078	0.062513344	-0.00015634872
8.074897175733548e-09	0.97884387	0.20057316	0.019470537	0.35453078	0.062513344	-5.010324e-05
8.089501917608473e-09	0.983181	0.17500785	0.03779317	0.35453078	0.062513344	0.00014768158
8.10410735003387e-09	0.9882207	0.14587489	0.026855683	0.35453078	0.062513344	5.0825824e-05
8.118713006907335e-09	0.98994446	0.13635083	-0.0036110275	0.35453078	0.062513344	-0.00013975982
8.133805778324342e-09	0.9867715	0.15483464	-0.029119497	0.35453078	0.062513344	-4.4265205e-05
8.148411201299153e-09	0.9815995	0.18464775	-0.027505087	0.35453078	0.062513344	0.00013489077
8.163016157138141e-09	0.9787828	0.20115367	-0.0017631481	0.35453078	0.062513344	4.5183617e-05
8.177621015897184e-09	0.980446	0.19130471	0.02623182	0.35453078	0.062513344	-0.00012820968
8.192225881596843e-09	0.98506325	0.164151	0.03362158	0.35453078	0.062513344	-4.6014407e-05
8.207318280680728e-09	0.9889463	0.1420045	0.014563629	0.35453078	0.062513344	0.00012418038
8.221924017623604e-09	0.9887377	0.14367825	-0.013329322	0.35453078	0.062513344	4.045806e-05
8.23652999434216e-09	0.98491746	0.16561754	-0.027860535	0.35453078	0.062513344	-0.00011847595
8.251135089440234e-09	0.9808037	0.18958157	-0.018171351	0.35453078	0.062513344	-4.1397027e-05
8.265740359676746e-09	0.97955525	0.19708121	0.00727811	0.35453078	0.062513344	0.000113143054
8.28083197455833e-09	0.9820653	0.1819441	0.028387286	0.35453078	0.062513344	3.6431986e-05
8.295437454625664e-09	0.98633796	0.15701668	0.0272708	0.35453078	0.062513344	-0.0001101505
8.310042792051046e-09	0.98894733	0.14238417	0.0060793646	0.35453078	0.062513344	-3.745693e-05
8.324648881045784e-09	0.98763055	0.15008487	-0.017800385	0.35453078	0.062513344	0.00010550963
8.33925405805835e-09	0.98364156	0.17304678	-0.025095707	0.35453078	0.062513344	3.8389768e-05
8.354345591435527e-09	0.98037297	0.19251135	-0.009795102	0.35453078	0.062513344	-0.00010295347
8.368950076207299e-09	0.9803473	0.19257498	0.014216088	0.35453078	0.062513344	-3.4046458e-05
8.3835552992059e-09	0.9833147	0.17474869	0.028134529	0.35453078	0.062513344	9.886663e-05
8.39816042370611e-09	0.9871246	0.1529136	0.021535562	0.35453078	0.062513344	3.5044603e-05
8.412765960850257e-09	0.98869467	0.14415216	-0.000247724	0.35453078	0.062513344	-9.499735e-05
8.427858167010888e-09	0.9865677	0.15622327	-0.020589964	0.35453078	0.062513344	-3.1053496e-05
8.44246318480038e-09	0.9827222	0.17879967	-0.0219919	0.35453078	0.062513344	9.304255e-05
8.457068055948014e-09	0.9801878	0.19390976	-0.0040208064	0.35453078	0.062513344	3.2091844e-05
8.4716729873086e-09	0.98086107	0.18943012	0.018810194	0.35453078	0.062513344	-8.959308e-05
8.486765130498336e-09	0.9844997	0.16805191	0.028164772	0.35453078	0.062513344	-2.8422597e-05
8.501370962118028e-09	0.9879736	0.14834543	0.016167331	0.35453078	0.062513344	8.7889246e-05
8.515976479422998e-09	0.98843986	0.1456461	-0.0070000337	0.35453078	0.062513344	2.9468281e-05
8.530581148109494e-09	0.9856544	0.16176829	-0.023013972	0.35453078	0.062513344	-8.4797284e-05
8.545186010793466e-09	0.98192346	0.18400677	-0.019103903	0.35453078	0.062513344	-3.0459185e-05
8.560277635343046e-09	0.97997874	0.19519667	0.0027140258	0.35453078	0.062513344	8.329325e-05
8.57488249522594e-09	0.9815718	0.18526272	0.024036394	0.35453078	0.062513344	2.7148368e-05
8.58948760539596e-09	0.9856184	0.16190968	0.02810132	0.35453078	0.062513344	-8.0503756e-05
8.604093201214972e-09	0.9887145	0.14414844	0.010993135	0.35453078	0.062513344	-2.8143e-05
8.618697903688397e-09	0.9882013	0.14705178	-0.013808197	0.35453078	0.062513344	7.782315e-05
8.633789664855351e-09	0.98446023	0.16917771	-0.025951225	0.35453078	0.062513344	2.5055711e-05
8.648394547489659e-09	0.98073083	0.19122523	-0.014555936	0.35453078	0.062513344	-7.664206e-05
8.662999889115146e-09	0.9798291	0.19595744	0.010601946	0.35453078	0.062513344	-2.6061305e-05
8.677605134006158e-09	0.9826538	0.17919669	0.029370524	0.35453078	0.062513344	7.4204385e-05
8.692211070020437e-09	0.98704225	0.15393415	0.026358888	0.35453078	0.062513344	2.6998783e-05
8.707303259020285e-09	0.9893344	0.14065783	0.0023239006	0.35453078	0.062513344	-7.315258e-05
8.721908192484516e-09	0.9874687	0.15165968	-0.022151018	0.35453078	0.062513344	-2.4164217e-05
8.736512891502148e-09	0.98304486	0.17784882	-0.02708664	0.35453078	0.062513344	7.092326e-05
8.751118347331276e-09	0.9795946	0.19780989	-0.007706749	0.35453078	0.062513344	2.5114306e-05
8.765723934374242e-09	0.980064	0.19451362	0.020383662	0.35453078	0.062513344	-6.876748e-05
8.780816727734306e-09	0.9844258	0.1690918	0.03387742	0.35453078	0.062513344	-2.243663e-05
8.795422057265541e-09	0.9887595	0.14406328	0.020339422	0.35453078	0.062513344	6.7936075e-05
8.810026963645931e-09	0.98952276	0.13983756	-0.008691402	0.35453078	0.062513344	2.3386461e-05
8.824632025520636e-09	0.98609734	0.16011958	-0.029309245	0.35453078	0.062513344	-6.595106e-05
8.83923691014935e-09	0.98124826	0.18855448	-0.02413211	0.35453078	0.062513344	-2.4286588e-05
8.854328926494797e-09	0.9788965	0.20184383	0.0042102574	0.35453078	0.062513344	6.519622e-05
8.868934398745096e-09	0.9812863	0.18748973	0.030935371	0.35453078	0.062513344	2.1812486e-05
8.883540092289834e-09	0.9864684	0.157342	0.034105808	0.35453078	0.062513344	-6.3367486e-05
8.898144739964213e-09	0.9900615	0.13667855	0.010271745	0.35453078	0.062513344	-2.270928e-05
8.913236368083065e-09	0.9888304	0.1442297	-0.021837145	0.35453078	0.062513344	6.267935e-05
8.927841231910259e-09	0.9838496	0.17347439	-0.03310675	0.35453078	0.062513344	2.0369751e-05
8.942446729900111e-09	0.9793522	0.1996095	-0.014794378	0.35453078	0.062513344	-6.0985352e-05
8.95705205947171e-09	0.9790797	0.20077914	0.018000772	0.35453078	0.062513344	-2.126013e-05
8.971657750240639e-09	0.98332775	0.1757026	0.037948836	0.35453078	0.062513344	5.933197e-05
8.986749317325575e-09	0.9887908	0.14409037	0.02728833	0.35453078	0.062513344	1.9031018e-05
9.001354111716379e-09	0.99053234	0.13440627	-0.004988803	0.35453078	0.062513344	-5.8785772e-05
9.015958831472577e-09	0.98716694	0.1542439	-0.031857993	0.35453078	0.062513344	-1.99246e-05
9.030564327789462e-09	0.98150015	0.18729068	-0.030347114	0.35453078	0.062513344	5.724659e-05
9.045170007275906e-09	0.9783044	0.20571594	-0.0012145111	0.35453078	0.062513344	2.0765452e-05
9.060263040975013e-09	0.98044056	0.19273123	0.03190997	0.35453078	0.062513344	-5.6749603e-05
9.074868284901493e-09	0.98609424	0.15965855	0.03890978	0.35453078	0.062513344	-1.8670733e-05
9.089473384757478e-09	0.9904793	0.13463391	0.014834051	0.35453078	0.062513344	5.5315417e-05
9.104078341273871e-09	0.9898033	0.13904028	-0.020150885	0.35453078	0.062513344	1.9513902e-05
9.118683592584915e-09	0.98465407	0.16905218	-0.03653132	0.35453078	0.062513344	-5.3907235e-05
9.133776081517517e-09	0.97932816	0.20011377	-0.019360473	0.35453078	0.062513344	-1.7514809e-05
9.148382136239333e-09	0.9785114	0.20450787	0.01605823	0.35453078	0.062513344	5.3516385e-05
9.162987607776213e-09	0.98272485	0.17938404	0.039997675	0.35453078	0.062513344	1.8343653e-05
9.177592428014773e-09	0.98859453	0.1454318	0.032091748	0.35453078	0.062513344	-5.21989e-05
9.19219756099474e-09	0.9910697	0.13163829	-0.0013003938	0.35453078	0.062513344	-1.9144489e-05
9.20728948905253e-09	0.9877489	0.1511359	-0.032587815	0.35453078	0.062513344	5.1833995e-05
9.22189483703395e-09	0.9817627	0.18597887	-0.033185832	0.35453078	0.062513344	1.7262677e-05
9.236500357010758e-09	0.97821105	0.20667787	-0.0038563805	0.35453078	0.062513344	-5.059991e-05
9.251106110111076e-09	0.9799394	0.19601353	0.03041344	0.35453078	0.062513344	-1.8051014e-05
9.265711013691294e-09	0.98555934	0.16302091	0.040745396	0.35453078	0.062513344	4.9383092e-05
9.280802861800214e-09	0.99049026	0.13496141	0.017445138	0.35453078	0.062513344	1.6247239e-05
9.295407805485158e-09	0.9901662	0.13725735	-0.01848606	0.35453078	0.062513344	-4.910043e-05
9.310013370224967e-09	0.9850938	0.16668983	-0.037003946	0.35453078	0.062513344	-1.7033564e-05
9.324618968075466e-09	0.9796801	0.19831802	-0.022388628	0.35453078	0.062513344	4.7956724e-05
9.339711880358076e-09	0.978438	0.20523287	0.014113881	0.35453078	0.062513344	1.5290057e-05
9.354317255760289e-09	0.98246336	0.18115278	0.039309423	0.35453078	0.062513344	-4.7695168e-05
9.368922424881526e-09	0.9883407	0.14720416	0.032958668	0.35453078	0.062513344	-1.6069525e-05
9.383527411496685e-09	0.9909948	0.13242	0.000679829	0.35453078	0.062513344	4.661616e-05
9.398133024345046e-09	0.9881407	0.14912851	-0.030053213	0.35453078	0.062513344	1.6817554e-05
9.413225592949634e-09	0.982217	0.18359482	-0.032863367	0.35453078	0.062513344	-4.6370358e-05
9.427831835760412e-09	0.97860575	0.2047043	-0.0056229294	0.35453078	0.062513344	-1.5161041e-05
9.442437463047329e-09	0.97995746	0.1962275	0.027740557	0.35453078	0.062513344	4.5355384e-05
9.457042570628172e-09	0.98520136	0.165415	0.039273877	0.35453078	0.062513344	1.590259e-05
9.47164773067331e-09	0.98998183	0.13816789	0.01957527	0.35453078	0.062513344	-4.4347213e-05
9.486740007670359e-09	0.9900517	0.13812242	-0.015624211	0.35453078	0.062513344	-1.4310832e-05
9.501345503554517e-09	0.9854158	0.16502057	-0.03440933	0.35453078	0.062513344	4.416158e-05
9.515951055994504e-09	0.98026735	0.19509907	-0.022134881	0.35453078	0.062513344	1.5044482e-05
9.5305568115325e-09	0.97885716	0.20310979	0.010257172	0.35453078	0.062513344	-4.3209697e-05
9.545161697275268e-09	0.9822319	0.18290244	0.03513823	0.35453078	0.062513344	-1.5752325e-05
9.560253671414985e-09	0.9877468	0.15100582	0.0313721	0.35453078	0.062513344	4.3032396e-05
9.574858850493958e-09	0.9903952	0.1361591	0.0029995553	0.35453078	0.062513344	1.4236801e-05
9.589464482109657e-09	0.9881405	0.14935768	-0.025518239	0.35453078	0.062513344	-4.213033e-05
9.604069874917078e-09	0.9830591	0.17889929	-0.030431358	0.35453078	0.062513344	-1.4937212e-05
9.618675713061748e-09	0.979453	0.1999468	-0.008119203	0.35453078	0.062513344	4.1234554e-05
9.63376751057663e-09	0.980279	0.19468772	0.023044862	0.35453078	0.062513344	1.3468533e-05
9.648372448081796e-09	0.98477757	0.16823757	0.035094444	0.35453078	0.062513344	-4.1106992e-05
9.662977256536987e-09	0.9891246	0.14335486	0.019483682	0.35453078	0.062513344	-1.41685605e-05
9.67758271590064e-09	0.98960376	0.14091599	-0.0101235295	0.35453078	0.062513344	4.0255316e-05
9.692188134629506e-09	0.9859339	0.16225614	-0.028718434	0.35453078	0.062513344	1.4838687e-05
9.707281064082212e-09	0.98127395	0.18940763	-0.02053084	0.35453078	0.062513344	-4.0135663e-05
9.721886427267319e-09	0.9797287	0.19833715	0.006219346	0.35453078	0.062513344	-1.3431769e-05
9.736491538957963e-09	0.9822175	0.18344156	0.028718531	0.35453078	0.062513344	3.9326955e-05
9.75109635712577e-09	0.9866678	0.15755071	0.028760502	0.35453078	0.062513344	1.4100625e-05
9.76618833102993e-09	0.9894204	0.14195217	0.0060858876	0.35453078	0.062513344	-3.920961e-05
9.780793593686556e-09	0.98802644	0.1502139	-0.018762838	0.35453078	0.062513344	-1.2740094e-05
9.79539940430923e-09	0.983914	0.17407003	-0.025676433	0.35453078	0.062513344	3.844153e-05
9.810004979324046e-09	0.98062	0.19327982	-0.009509209	0.35453078	0.062513344	1.3397284e-05
9.82460962232679e-09	0.9807607	0.19231822	0.015576589	0.35453078	0.062513344	-3.767398e-05
9.839701340492784e-09	0.9841919	0.17204385	0.0287877	0.35453078	0.062513344	-1.2079746e-05
9.854306547417364e-09	0.98786265	0.15086861	0.019174034	0.35453078	0.062513344	3.759623e-05
9.868911525696259e-09	0.9888358	0.14557102	-0.0038169976	0.35453078	0.062513344	1.2735961e-05
9.88351661723093e-09	0.9863982	0.15976982	-0.021112429	0.35453078	0.062513344	-3.686478e-05
9.898122143729708e-09	0.98270917	0.18115678	-0.019010054	0.35453078	0.062513344	-1.3368735e-05
9.91321378654786e-09	0.98079884	0.19239247	0.00078922434	0.35453078	0.062513344	3.6789213e-05
9.927818494969676e-09	0.9821422	0.18432051	0.020525798	0.35453078	0.062513344	1.2103966e-05
9.942423209126995e-09	0.9854959	0.16458325	0.024778398	0.35453078	0.062513344	-3.6091064e-05
9.957028438109587e-09	0.9881593	0.14937343	0.010714411	0.35453078	0.062513344	-1.273409e-05
9.971633648561169e-09	0.9879363	0.15093438	-0.009687254	0.35453078	0.062513344	3.5394085e-05
9.986726192350941e-09	0.9849868	0.16795698	-0.01984473	0.35453078	0.062513344	1.1498072e-05
1.0001330955044844e-08	0.98208016	0.18496649	-0.011523649	0.35453078	0.062513344	-3.5352303e-05
1.001593574374504e-08	0.98140496	0.18902126	0.0072336136	0.35453078	0.062513344	-1.2124283e-05
1.0030540383665798e-08	0.9832828	0.17770407	0.021216108	0.35453078	0.062513344	3.468537e-05
1.0045145690104117e-08	0.9862669	0.1602706	0.01973542	0.35453078	0.062513344	1.2729136e-05
1.00602376787966e-08	0.98802847	0.15040742	0.00387589	0.35453078	0.062513344	-3.464339e-05
1.0074843228155809e-08	0.9869975	0.156419	-0.012604228	0.35453078	0.062513344	-1.1540661e-05
1.0089448139239196e-08	0.98419833	0.17259276	-0.017015265	0.35453078	0.062513344	3.4007375e-05
1.0104052880648016e-08	0.9819824	0.18580236	-0.006181989	0.35453078	0.062513344	1.2141771e-05
1.0118657762104932e-08	0.9819503	0.18587522	0.0108842645	0.35453078	0.062513344	-3.3368844e-05
1.0133749765395367e-08	0.9841571	0.17258482	0.020706495	0.35453078	0.062513344	-1.09855455e-05
1.0148354825903376e-08	0.98681337	0.15733738	0.015317711	0.35453078	0.062513344	3.3355456e-05
1.0162960413137465e-08	0.987799	0.15189217	-0.00022140772	0.35453078	0.062513344	1.1578134e-05
1.0177566020438411e-08	0.9863277	0.16028191	-0.013698963	0.35453078	0.062513344	-3.274627e-05
1.0192657983403505e-08	0.98363334	0.17615466	-0.01443887	0.35453078	0.062513344	-1.0447846e-05
1.0207262913186703e-08	0.9819352	0.18632013	-0.0019127778	0.35453078	0.062513344	3.2730815e-05
1.02218680686888e-08	0.98235685	0.1833854	0.013789833	0.35453078	0.062513344	1.1037463e-05
1.0236473365245752e-08	0.9847336	0.16931854	0.020372463	0.35453078	0.062513344	-3.2146683e-05
1.0251078682229398e-08	0.9872288	0.15515691	0.012567895	0.35453078	0.062513344	-1.1607739e-05
1.0266171487592399e-08	0.9876747	0.15258674	-0.0041407854	0.35453078	0.062513344	3.2130596e-05
1.028077666674268e-08	0.98574567	0.16377278	-0.015523183	0.35453078	0.062513344	1.0515531e-05
1.0295381766533867e-08	0.983127	0.17946523	-0.0129454015	0.35453078	0.062513344	-3.1570955e-05
1.0309986739563816e-08	0.98173344	0.18750024	0.0016455188	0.35453078	0.062513344	-1.1083236e-05
1.0324592420083732e-08	0.98268116	0.18140246	0.016890908	0.35453078	0.062513344	3.1008825e-05
1.0339684738467016e-08	0.9855351	0.16489862	0.020589385	0.35453078	0.062513344	1.0016086e-05
1.0354290452663861e-08	0.9877921	0.15200467	0.009136548	0.35453078	0.062513344	-3.1016676e-05
1.0368895176321877e-08	0.98760384	0.15299533	-0.00840919	0.35453078	0.062513344	-1.0578064e-05
1.0383500461305887e-08	0.98516774	0.16746102	-0.01788418	0.35453078	0.062513344	3.0476813e-05
1.0398105594730508e-08	0.9823839	0.18401341	-0.011223322	0.35453078	0.062513344	1.1123973e-05
1.0413197869519934e-08	0.9814267	0.18907283	0.007201219	0.35453078	0.062513344	-3.0480902e-05
1.0427803277450232e-08	0.98332536	0.17769352	0.021539038	0.35453078	0.062513344	-1.009338e-05
1.0442409218143494e-08	0.9865556	0.15915933	0.020408269	0.35453078	0.062513344	2.9964378e-05
1.0457014571692311e-08	0.98837703	0.1486235	0.0041812155	0.35453078	0.062513344	1.06324715e-05
1.047161941335365e-08	0.9873047	0.15494092	-0.014296268	0.35453078	0.062513344	-2.9443045e-05
1.0486711112162666e-08	0.98409563	0.17410041	-0.01964753	0.35453078	0.062513344	-9.627788e-06
1.0501316396519567e-08	0.98140013	0.18970239	-0.006607137	0.35453078	0.062513344	2.9467901e-05
1.0515921374443292e-08	0.98140574	0.18905143	0.014220453	0.35453078	0.062513344	1.0166029e-05
1.0530526557958942e-08	0.98435694	0.17183942	0.025734939	0.35453078	0.062513344	-2.8966984e-05
1.0545132063018775e-08	0.9877986	0.15200682	0.017841153	0.35453078	0.062513344	-1.0688005e-05
1.056022369294026e-08	0.9887559	0.14650317	-0.004291328	0.35453078	0.062513344	2.8988283e-05
1.0574828602592108e-08	0.9863902	0.1606255	-0.021079415	0.35453078	0.062513344	9.715302e-06
1.0589433537826762e-08	0.9826838	0.18250151	-0.01883971	0.35453078	0.062513344	-2.8506576e-05
1.0604039047471789e-08	0.980612	0.19411722	0.0010530803	0.35453078	0.062513344	-1.02343e-05
1.0619131479532856e-08	0.98213786	0.18479757	0.022978127	0.35453078	0.062513344	2.8524913e-05
1.0633737065010679e-08	0.9860454	0.16216773	0.027246581	0.35453078	0.062513344	9.276969e-06
1.0648342122795301e-08	0.9890235	0.14498755	0.010426227	0.35453078	0.062513344	-2.806274e-05
1.0662947408569395e-08	0.9885329	0.14805761	-0.013952826	0.35453078	0.062513344	-9.792546e-06
1.0677552609422634e-08	0.98493886	0.16937637	-0.025371447	0.35453078	0.062513344	2.7596036e-05
1.0692645027558898e-08	0.98106706	0.19184402	-0.013014613	0.35453078	0.062513344	8.855498e-06
1.0707250338539557e-08	0.98042315	0.1950292	0.012488973	0.35453078	0.062513344	-2.7632523e-05
1.0721856164967068e-08	0.98355985	0.17657572	0.029825522	0.35453078	0.062513344	-9.364945e-06
1.0736461253022533e-08	0.9878656	0.15169565	0.024089845	0.35453078	0.062513344	2.7183893e-05
1.0751066168555638e-08	0.9896742	0.14141794	-0.0003694646	0.35453078	0.062513344	9.864272e-06
1.076615786615059e-08	0.98732245	0.15544416	-0.023679165	0.35453078	0.062513344	-2.7214923e-05
1.0780763104439455e-08	0.98288167	0.18150774	-0.024648886	0.35453078	0.062513344	-8.957135e-06
1.0795367937724174e-08	0.9799943	0.19795895	-0.0029147898	0.35453078	0.062513344	2.678232e-05
1.0809973299534604e-08	0.9811692	0.19060549	0.023584967	0.35453078	0.062513344	9.45243e-06
1.0824578885578916e-08	0.98555773	0.16503191	0.032387454	0.35453078	0.062513344	-2.6345875e-05
1.0839670606198424e-08	0.98950976	0.14232299	0.014696921	0.35453078	0.062513344	-8.561369e-06
1.0854275413543343e-08	0.98937416	0.14342959	-0.013805854	0.35453078	0.062513344	2.6393473e-05
1.0868880537312924e-08	0.98542726	0.16668847	-0.029122297	0.35453078	0.062513344	9.053907e-06
1.0883485833125448e-08	0.9809924	0.1924872	-0.018061353	0.35453078	0.062513344	-2.5972437e-05
1.0898091328886544e-08	0.97977304	0.1990947	0.010253597	0.35453078	0.062513344	-9.53146e-06
1.0913183813877532e-08	0.98302156	0.17980999	0.032361146	0.35453078	0.062513344	2.6016745e-05
1.0927788900222233e-08	0.9878816	0.15172161	0.028131109	0.35453078	0.062513344	8.665223e-06
1.0942393947468844e-08	0.99023837	0.13837397	0.0017909219	0.35453078	0.062513344	-2.5610814e-05
1.0956998992407797e-08	0.9880541	0.15135165	-0.024559755	0.35453078	0.062513344	-9.141584e-06
1.0971604680378734e-08	0.98318845	0.17982897	-0.028462553	0.35453078	0.062513344	2.5200508e-05
1.0986697013167106e-08	0.97968054	0.19999357	-0.0053418544	0.35453078	0.062513344	8.289614e-06
1.1001302866370492e-08	0.98070997	0.19344603	0.023922825	0.35453078	0.062513344	-2.5259995e-05
1.1015907736179887e-08	0.98533016	0.16645648	0.0348342	0.35453078	0.062513344	-8.761114e-06
1.1030512872016271e-08	0.9896137	0.14191766	0.018065132	0.35453078	0.062513344	2.4863597e-05
1.1045117819939907e-08	0.98987156	0.14076285	-0.012237819	0.35453078	0.062513344	9.2225455e-06
1.1060209866190905e-08	0.98576266	0.164865	-0.030585026	0.35453078	0.062513344	-2.4917026e-05
1.1074814697167388e-08	0.98104274	0.19235936	-0.020320732	0.35453078	0.062513344	-8.397146e-06
1.108942019563789e-08	0.97954446	0.20062628	0.008970722	0.35453078	0.062513344	2.4534918e-05
1.1104025215338603e-08	0.98256475	0.1825948	0.03252929	0.35453078	0.062513344	8.8545385e-06
1.1119116809645309e-08	0.9877827	0.15244268	0.029828275	0.35453078	0.062513344	-2.4583196e-05
1.1133721568247747e-08	0.9903937	0.13766198	0.0032637327	0.35453078	0.062513344	-8.044523e-06
1.114832695000764e-08	0.9883162	0.14997113	-0.024227392	0.35453078	0.062513344	2.421439e-05
1.1162932016405553e-08	0.98340446	0.17867999	-0.029279053	0.35453078	0.062513344	8.4991625e-06
1.117753724781483e-08	0.97981995	0.19938028	-0.0077213533	0.35453078	0.062513344	-2.3840434e-05
1.1192629321917245e-08	0.9806181	0.1941784	0.022816813	0.35453078	0.062513344	-7.7002205e-06
1.1207234175444464e-08	0.98511034	0.16791467	0.034718145	0.35453078	0.062513344	2.3902534e-05
1.1221839001932029e-08	0.9894433	0.14310306	0.019137546	0.35453078	0.062513344	8.153875e-06
1.1236443961248032e-08	0.98990893	0.14070481	-0.010651185	0.35453078	0.062513344	-2.3540972e-05
1.1251049532357231e-08	0.9861767	0.16255508	-0.029475078	0.35453078	0.062513344	-8.594589e-06
1.126614176809314e-08	0.9813397	0.1907337	-0.020775056	0.35453078	0.062513344	2.3598821e-05
1.1280747054339967e-08	0.9797054	0.19984436	0.0073662447	0.35453078	0.062513344	7.816007e-06
1.129535179592913e-08	0.9824757	0.18330896	0.03080474	0.35453078	0.062513344	-2.3249906e-05
1.1309956876274034e-08	0.987328	0.15525457	0.029862052	0.35453078	0.062513344	-8.255832e-06
1.132456170191652e-08	0.990094	0.13955626	0.005654668	0.35453078	0.062513344	2.2895483e-05
1.1339653806021904e-08	0.98833877	0.14998278	-0.021801818	0.35453078	0.062513344	7.4910695e-06
1.1354259010213983e-08	0.98378354	0.1765834	-0.027783865	0.35453078	0.062513344	-2.296535e-05
1.1368864581952887e-08	0.98029226	0.19676065	-0.008617021	0.35453078	0.062513344	-7.925829e-06
1.1383469441957526e-08	0.9807029	0.19391654	0.01922026	0.35453078	0.062513344	2.2623248e-05
1.1398074277927684e-08	0.9846645	0.17071702	0.032351464	0.35453078	0.062513344	8.353057e-06
1.1413166153980316e-08	0.98893094	0.14621657	0.019280793	0.35453078	0.062513344	-2.2687476e-05
1.1427771733642643e-08	0.98961943	0.1424965	-0.00791239	0.35453078	0.062513344	-7.606402e-06
1.1442376884998714e-08	0.9863855	0.16144845	-0.0262335	0.35453078	0.062513344	2.2357077e-05
1.145698234613772e-08	0.98204833	0.18667842	-0.020469094	0.35453078	0.062513344	8.028985e-06
1.147207457782099e-08	0.98023486	0.19693848	0.0049391757	0.35453078	0.062513344	-2.2417e-05
1.1486679951619425e-08	0.98248845	0.18351588	0.02682072	0.35453078	0.062513344	-7.293255e-06
1.1501284909515215e-08	0.98675615	0.15877153	0.027720576	0.35453078	0.062513344	2.2097416e-05
1.151589035970874e-08	0.9894415	0.1434695	0.0074377446	0.35453078	0.062513344	7.713878e-06
1.1530495881174212e-08	0.9883456	0.15006323	-0.016761439	0.35453078	0.062513344	-2.1772836e-05
1.154558813322472e-08	0.9843509	0.17335328	-0.024616456	0.35453078	0.062513344	-6.9887014e-06
1.1560193552167467e-08	0.98107004	0.19231084	-0.009529989	0.35453078	0.062513344	2.1843969e-05
1.1574798515049393e-08	0.9810768	0.19198796	0.014840486	0.35453078	0.062513344	7.4069126e-06
1.158940347937312e-08	0.98429793	0.17308694	0.028102003	0.35453078	0.062513344	-2.152922e-05
1.1604008151714493e-08	0.98801184	0.1516522	0.019608017	0.35453078	0.062513344	-7.817485e-06
1.1619100234606324e-08	0.98908937	0.14569096	-0.0038164293	0.35453078	0.062513344	2.1594538e-05
1.1633705671123858e-08	0.98665035	0.16001819	-0.021062085	0.35453078	0.062513344	7.1103677e-06
1.164831126599557e-08	0.98292935	0.18160163	-0.018738562	0.35453078	0.062513344	-2.1290944e-05
1.1662915926215284e-08	0.9810213	0.192574	0.0005978899	0.35453078	0.062513344	-7.517247e-06
1.1677520618080749e-08	0.9823789	0.18446355	0.020592991	0.35453078	0.062513344	2.0980488e-05
1.1692611997792385e-08	0.9859328	0.16371419	0.02476231	0.35453078	0.062513344	6.823456e-06
1.170721718471167e-08	0.9885541	0.148703	0.009951979	0.35453078	0.062513344	-2.1056228e-05
1.172182241223479e-08	0.9881909	0.1510645	-0.010818335	0.35453078	0.062513344	-7.2276466e-06
1.1736427835365153e-08	0.9852048	0.16842717	-0.020435022	0.35453078	0.062513344	2.0756677e-05
1.17510330457309e-08	0.9821563	0.18608382	-0.01135893	0.35453078	0.062513344	7.6224937e-06
1.1766124812733844e-08	0.98155546	0.189498	0.009048308	0.35453078	0.062513344	-2.0827596e-05
1.1780729775238866e-08	0.98379165	0.1762751	0.02263482	0.35453078	0.062513344	-6.9434986e-06
1.179533519280826e-08	0.98693967	0.15798774	0.019257762	0.35453078	0.062513344	2.053746e-05
1.1809940264619069e-08	0.9884523	0.14949681	0.0022326047	0.35453078	0.062513344	7.336584e-06
1.1824545713143403e-08	0.98712176	0.15735373	-0.014358392	0.35453078	0.062513344	-2.0241907e-05
1.1839638228686964e-08	0.98402214	0.17528875	-0.017016822	0.35453078	0.062513344	-6.664112e-06
1.185424347686793e-08	0.9819166	0.18757667	-0.0038452118	0.35453078	0.062513344	2.032321e-05
1.1868848581150084e-08	0.9823181	0.18510067	0.013788521	0.35453078	0.062513344	7.05542e-06
1.1883453706408041e-08	0.984848	0.17015435	0.021629255	0.35453078	0.062513344	-2.0036729e-05
1.1898059402272003e-08	0.9874926	0.15494359	0.013664025	0.35453078	0.062513344	-7.437302e-06
1.1913151811342962e-08	0.98805165	0.15196304	-0.0038899924	0.35453078	0.062513344	2.0113059e-05
1.1927757403347214e-08	0.9860637	0.16347416	-0.0157138	0.35453078	0.062513344	6.7800693e-06
1.194236231585297e-08	0.98332626	0.17941794	-0.012989871	0.35453078	0.062513344	-1.9835827e-05
1.1956967345989055e-08	0.98202115	0.18708909	0.0017206343	0.35453078	0.062513344	-7.161942e-06
1.197205912539664e-08	0.9831351	0.18030894	0.016798988	0.35453078	0.062513344	1.990612e-05
1.1986664134202614e-08	0.9857555	0.1649715	0.019443437	0.35453078	0.062513344	6.515797e-06
1.2001269315611955e-08	0.98780894	0.1533166	0.008299087	0.35453078	0.062513344	-1.9637408e-05
1.2015874986309793e-08	0.9875763	0.15474704	-0.0076749013	0.35453078	0.062513344	-6.893807e-06
1.2030480360031229e-08	0.9852875	0.16800575	-0.015670523	0.35453078	0.062513344	1.936375e-05
1.204557245191293e-08	0.98280233	0.18264931	-0.008883095	0.35453078	0.062513344	6.254531e-06
1.2060177660847223e-08	0.98217994	0.18615896	0.0067029493	0.35453078	0.062513344	-1.9443483e-05
1.2074783452561597e-08	0.9838112	0.1763337	0.018542284	0.35453078	0.062513344	-6.6303073e-06
1.2089388842421918e-08	0.9864684	0.16099776	0.017255768	0.35453078	0.062513344	1.9178395e-05
1.2103994394098517e-08	0.98797387	0.15247071	0.003891083	0.35453078	0.062513344	6.9984167e-06
1.2119086593828867e-08	0.9870164	0.15799537	-0.011304943	0.35453078	0.062513344	-1.9253304e-05
1.2133692075584119e-08	0.98449355	0.17280364	-0.015233897	0.35453078	0.062513344	-6.3726334e-06
1.2148297283943737e-08	0.9824046	0.1850981	-0.005170398	0.35453078	0.062513344	1.899614e-05
1.2162902695809594e-08	0.98236406	0.1849885	0.010923988	0.35453078	0.062513344	6.7396527e-06
1.2177508040420004e-08	0.9845272	0.17222281	0.020124441	0.35453078	0.062513344	-1.8733519e-05
1.2192600377779117e-08	0.9872575	0.15657605	0.014436501	0.35453078	0.062513344	-6.1215446e-06
1.2207205719410724e-08	0.98807716	0.15187688	-0.001441578	0.35453078	0.062513344	1.8816887e-05
1.2221811168441028e-08	0.9864281	0.16151416	-0.014632881	0.35453078	0.062513344	6.4864435e-06
1.2236416538477674e-08	0.9836853	0.17772675	-0.014305624	0.35453078	0.062513344	-1.8562298e-05
1.2251021493470938e-08	0.9819864	0.18750982	-0.0005390714	0.35453078	0.062513344	-6.8448117e-06
1.2266113710874949e-08	0.9827985	0.18238765	0.016100893	0.35453078	0.062513344	1.8640243e-05
1.228071920809293e-08	0.98555535	0.1663942	0.02108927	0.35453078	0.062513344	6.2397908e-06
1.2295324939524375e-08	0.98796654	0.1525341	0.010587197	0.35453078	0.062513344	-1.8393695e-05
1.230993016080868e-08	0.9879909	0.15242305	-0.007192121	0.35453078	0.062513344	-6.5953072e-06
1.232453590803862e-08	0.98561174	0.16647793	-0.01765027	0.35453078	0.062513344	1.8141553e-05
1.2339628313943175e-08	0.9826626	0.18377754	-0.011417893	0.35453078	0.062513344	5.9965364e-06
1.235423412538136e-08	0.98170924	0.18898182	0.006310794	0.35453078	0.062513344	-1.82282e-05
1.2368839630002934e-08	0.9835493	0.17805356	0.02096686	0.35453078	0.062513344	-6.3497373e-06
1.23834457494471e-08	0.98672163	0.15972768	0.020299701	0.35453078	0.062513344	1.798407e-05
1.239853809862276e-08	0.98856735	0.14909764	0.003823372	0.35453078	0.062513344	5.757306e-06
1.2413143850045968e-08	0.9874388	0.15581767	-0.014111528	0.35453078	0.062513344	-1.8065495e-05
1.2427749139329889e-08	0.98434246	0.17407914	-0.018866552	0.35453078	0.062513344	-6.10942e-06
1.2442354734116398e-08	0.98176336	0.18896565	-0.006129653	0.35453078	0.062513344	1.7828252e-05
1.245696019276872e-08	0.9818821	0.18789676	0.013867607	0.35453078	0.062513344	6.454577e-06
1.247205300727627e-08	0.9848502	0.1705635	0.024544204	0.35453078	0.062513344	-1.7904782e-05
1.2486658199373025e-08	0.9880163	0.15226868	0.015987106	0.35453078	0.062513344	-5.8751148e-06
1.2501263790493672e-08	0.98874485	0.14818776	-0.0044326074	0.35453078	0.062513344	1.7674674e-05
1.2515869167480027e-08	0.98641515	0.1619913	-0.019691069	0.35453078	0.062513344	6.2189447e-06
1.2530474666085472e-08	0.98294246	0.18229192	-0.016817376	0.35453078	0.062513344	-1.7439199e-05
1.2545567333467011e-08	0.9811905	0.19218928	0.0028101383	0.35453078	0.062513344	-5.6456447e-06
1.2560173271642489e-08	0.98279333	0.18259108	0.021802062	0.35453078	0.062513344	1.752347e-05
1.2574779085415644e-08	0.98638284	0.16172881	0.024592616	0.35453078	0.062513344	5.9865047e-06
1.2589384593644645e-08	0.9889416	0.14701076	0.008469587	0.35453078	0.062513344	-1.7295288e-05
1.260399032762311e-08	0.98828214	0.15108357	-0.0133159915	0.35453078	0.062513344	-6.3216903e-06
1.261908259492928e-08	0.984794	0.17157225	-0.022309855	0.35453078	0.062513344	1.7374186e-05
1.263368806988436e-08	0.98158896	0.19011104	-0.0100994045	0.35453078	0.062513344	5.760607e-06
1.2648293551587405e-08	0.9813034	0.19144285	0.0126584675	0.35453078	0.062513344	-1.7152597e-05
1.2662899565913606e-08	0.9842399	0.17418747	0.026804388	0.35453078	0.062513344	-6.09396e-06
1.2677504631019875e-08	0.9879454	0.15274405	0.020252913	0.35453078	0.062513344	1.6925738e-05
1.2692596860162314e-08	0.9892555	0.14539476	-0.0024828617	0.35453078	0.062513344	5.5397054e-06
1.2707202069313109e-08	0.9869706	0.15891285	-0.020975295	0.35453078	0.062513344	-1.7011449e-05
1.2721807698153433e-08	0.9831026	0.18146116	-0.020090494	0.35453078	0.062513344	-5.872851e-06
1.2736413207926878e-08	0.9808878	0.19412646	-0.0003626082	0.35453078	0.062513344	1.6791235e-05
1.2751018966071977e-08	0.9822137	0.18609022	0.021696368	0.35453078	0.062513344	6.1988408e-06
1.2766110987537353e-08	0.98616105	0.16306672	0.027184188	0.35453078	0.062513344	-1.68723e-05
1.2780716251307261e-08	0.9891564	0.14588411	0.010936163	0.35453078	0.062513344	-5.655437e-06
1.2795321172144203e-08	0.98872024	0.14870106	-0.012882506	0.35453078	0.062513344	1.665797e-05
1.2809926781875053e-08	0.98522586	0.16915268	-0.024063818	0.35453078	0.062513344	5.981458e-06
1.2824532495520464e-08	0.98165274	0.18987472	-0.013063736	0.35453078	0.062513344	-1.6439051e-05
1.2839625249069572e-08	0.98103833	0.19315605	0.011614313	0.35453078	0.062513344	-5.4415586e-06
1.2854230655191813e-08	0.98394215	0.17601357	0.027644102	0.35453078	0.062513344	1.6527198e-05
1.286883601290294e-08	0.9878713	0.15327886	0.022168042	0.35453078	0.062513344	5.7658735e-06
1.2883441467338764e-08	0.9894843	0.1442075	-0.00025013354	0.35453078	0.062513344	-1.6314269e-05
1.2898533951897342e-08	0.987273	0.15725859	-0.021103388	0.35453078	0.062513344	-5.2324112e-06
1.2913139246082327e-08	0.98326856	0.18057065	-0.021436617	0.35453078	0.062513344	1.6397375e-05
1.2927744713992154e-08	0.98085034	0.19447587	-0.0017735491	0.35453078	0.062513344	5.5554046e-06
1.294235032349303e-08	0.98204	0.18722704	0.021163683	0.35453078	0.062513344	-1.6190768e-05
1.2956955207902781e-08	0.9858509	0.16496967	0.027930595	0.35453078	0.062513344	-5.87286e-06
1.297204695368185e-08	0.98910826	0.14630902	0.012125117	0.35453078	0.062513344	1.6268517e-05
1.2986652071377583e-08	0.9888344	0.14817165	-0.011839275	0.35453078	0.062513344	5.3513136e-06
1.3001257486477702e-08	0.9854427	0.16797183	-0.02385592	0.35453078	0.062513344	-1.6067586e-05
1.3015862602380619e-08	0.98184687	0.18884824	-0.013856354	0.35453078	0.062513344	-5.6674726e-06
1.30304681444891e-08	0.9810354	0.1933178	0.009562841	0.35453078	0.062513344	1.5861468e-05
1.304556001700571e-08	0.9837996	0.1769639	0.02680342	0.35453078	0.062513344	5.1501174e-06
1.3060165026145166e-08	0.9876661	0.1545929	0.022360764	0.35453078	0.062513344	-1.5945952e-05
1.3074769911611949e-08	0.98937064	0.14498334	0.0009124971	0.35453078	0.062513344	-5.466112e-06
1.3089375451991674e-08	0.98746854	0.15620133	-0.019295616	0.35453078	0.062513344	1.574554e-05
1.3103980753323124e-08	0.9836461	0.17844619	-0.021182718	0.35453078	0.062513344	5.774707e-06
1.3119073064727045e-08	0.9811286	0.19296704	-0.0026117903	0.35453078	0.062513344	-1.5825864e-05
1.3133677757865316e-08	0.98212284	0.1868981	0.019345373	0.35453078	0.062513344	-5.2676187e-06
1.3148282800338068e-08	0.9856421	0.16633911	0.026537644	0.35453078	0.062513344	1.5630801e-05
1.3162887384670759e-08	0.98871344	0.14872207	0.013204697	0.35453078	0.062513344	5.5771065e-06
1.3177492240681858e-08	0.9887418	0.14879136	-0.00918622	0.35453078	0.062513344	-1.543032e-05
1.3192584124919973e-08	0.98563385	0.16692571	-0.021822205	0.35453078	0.062513344	-5.075271e-06
1.3207189645608914e-08	0.9822548	0.18653856	-0.013481058	0.35453078	0.062513344	1.5516907e-05
1.3221794917763785e-08	0.98135906	0.19154878	0.007816358	0.35453078	0.062513344	5.381647e-06
1.3236399664435312e-08	0.9836496	0.17800859	0.02395301	0.35453078	0.062513344	-1.5322354e-05
1.3251004859595287e-08	0.98717326	0.15758772	0.021530857	0.35453078	0.062513344	-5.6838335e-06
1.3266096821022195e-08	0.9889424	0.14756334	0.002253758	0.35453078	0.062513344	1.5404297e-05
1.3280701987840765e-08	0.98740166	0.15666759	-0.016258067	0.35453078	0.062513344	5.190492e-06
1.3295307059477991e-08	0.98404706	0.17617664	-0.018987952	0.35453078	0.062513344	-1.5215345e-05
1.3309912421018357e-08	0.981722	0.18960616	-0.004069948	0.35453078	0.062513344	-5.4908237e-06
1.3325004148183552e-08	0.98236847	0.18564218	0.016152587	0.35453078	0.062513344	1.5292822e-05
1.3339608749641886e-08	0.9853473	0.16822731	0.023590354	0.35453078	0.062513344	5.003279e-06
1.3354213643440343e-08	0.98812085	0.15225554	0.0130742565	0.35453078	0.062513344	-1.51088325e-05
1.3368818944235181e-08	0.988372	0.15099727	-0.006238403	0.35453078	0.062513344	-5.3029103e-06
1.3383424314997111e-08	0.9859502	0.16514419	-0.0180809	0.35453078	0.062513344	1.49203315e-05
1.3398517007889215e-08	0.98288655	0.18290359	-0.012351213	0.35453078	0.062513344	4.816993e-06
1.3413122173719228e-08	0.98192227	0.18840413	0.005300116	0.35453078	0.062513344	-1.500429e-05
1.3427727475233852e-08	0.9836586	0.1781665	0.019760888	0.35453078	0.062513344	-5.115112e-06
1.3442332329544877e-08	0.9865819	0.16116333	0.019261878	0.35453078	0.062513344	1.4820775e-05
1.3456937596349418e-08	0.9882654	0.15155679	0.0047552767	0.35453078	0.062513344	5.408504e-06
1.3472029613722262e-08	0.98729014	0.1573783	-0.011795392	0.35453078	0.062513344	-1.4900026e-05
1.3486635223006698e-08	0.98460287	0.17298168	-0.015800215	0.35453078	0.062513344	-4.931826e-06
1.3501240363323027e-08	0.98249155	0.18519533	-0.0049733203	0.35453078	0.062513344	1.4721984e-05
1.351584551391841e-08	0.98265314	0.18417981	0.0113037685	0.35453078	0.062513344	5.223967e-06
1.3530450722169803e-08	0.9848621	0.17122447	0.019527059	0.35453078	0.062513344	-1.4538688e-05
1.3545542844168087e-08	0.98732096	0.15697479	0.012869104	0.35453078	0.062513344	-4.7519093e-06
1.3560148175810823e-08	0.98787135	0.15396066	-0.002276721	0.35453078	0.062513344	1.4623809e-05
1.357475373288549e-08	0.9862075	0.16369778	-0.013235425	0.35453078	0.062513344	5.0421145e-06
1.3589359361427402e-08	0.9837899	0.17769115	-0.011299801	0.35453078	0.062513344	-1.4446012e-05
1.3603964417215489e-08	0.98262393	0.18447475	0.00140083	0.35453078	0.062513344	-5.3275508e-06
1.3619056637327942e-08	0.98361325	0.17864393	0.014470917	0.35453078	0.062513344	1.4526671e-05
1.3633662108172092e-08	0.98581934	0.16571182	0.016672198	0.35453078	0.062513344	4.8630995e-06
1.3648267973631944e-08	0.98746693	0.15624075	0.007160101	0.35453078	0.062513344	-1.4353913e-05
1.3662873564683438e-08	0.9872341	0.15774198	-0.0060177157	0.35453078	0.062513344	-5.1464663e-06
1.3677479531037737e-08	0.985353	0.16864479	-0.012167207	0.35453078	0.062513344	1.4176361e-05
1.3692571975111392e-08	0.98339194	0.1800415	-0.006268609	0.35453078	0.062513344	4.6848018e-06
1.3707177610014552e-08	0.98303527	0.18215849	0.0061115073	0.35453078	0.062513344	-1.426291e-05
1.3721783163559828e-08	0.98438305	0.17418063	0.014838485	0.35453078	0.062513344	-4.9676946e-06
1.3736389230084787e-08	0.9863284	0.1628096	0.013190216	0.35453078	0.062513344	1.4090269e-05
1.3751481780188278e-08	0.9873406	0.15708958	0.0025096901	0.35453078	0.062513344	4.5095585e-06
1.3766087764489612e-08	0.98656225	0.16166273	-0.007857231	0.35453078	0.062513344	-1.4172676e-05
1.3780693202822076e-08	0.9847347	0.17224605	-0.010023722	0.35453078	0.062513344	-4.7911926e-06
1.3795299220312075e-08	0.9833591	0.18034859	-0.0025388345	0.35453078	0.062513344	1.4004757e-05
1.3809904870386142e-08	0.9834577	0.17974317	0.008433983	0.35453078	0.062513344	5.067675e-06
1.3824997431603222e-08	0.9849725	0.17073663	0.014213104	0.35453078	0.062513344	-1.4082686e-05
1.3839602916012477e-08	0.9866408	0.16108227	0.010066613	0.35453078	0.062513344	-4.6180476e-06
1.3854208871146766e-08	0.9871464	0.15827565	-0.0002088056	0.35453078	0.062513344	1.3919472e-05
1.3868814475871931e-08	0.9860916	0.16438238	-0.008428593	0.35453078	0.062513344	4.8938755e-06
1.388342013026473e-08	0.98439044	0.1743418	-0.008198366	0.35453078	0.062513344	-1.3751309e-05
1.3898512443294298e-08	0.9833669	0.18041618	0.0004873591	0.35453078	0.062513344	-4.4479743e-06
1.391311825269783e-08	0.98381263	0.17764598	0.010213125	0.35453078	0.062513344	1.3834453e-05
1.3927724000895607e-08	0.98536724	0.1684647	0.013574917	0.35453078	0.062513344	4.7229646e-06
1.394232963191621e-08	0.9868387	0.160022	0.007945771	0.35453078	0.062513344	-1.3670962e-05
1.3956935628798114e-08	0.98700917	0.15907888	-0.0023144272	0.35453078	0.062513344	-4.9932187e-06
1.3972028261382312e-08	0.98568636	0.16678771	-0.009186482	0.35453078	0.062513344	1.3750121e-05
1.3986633864770693e-08	0.9840348	0.17656605	-0.0067278068	0.35453078	0.062513344	4.5542633e-06
1.4001239277317547e-08	0.9833035	0.18080269	0.0028390992	0.35453078	0.062513344	-1.35909995e-05
1.4015845118350907e-08	0.98407525	0.17606795	0.011953223	0.35453078	0.062513344	-4.8243082e-06
1.4030450790257707e-08	0.98580533	0.1659772	0.013368685	0.35453078	0.062513344	1.34273405e-05
1.4045543602596739e-08	0.9871232	0.1584181	0.005465556	0.35453078	0.062513344	4.3883933e-06
1.4060149280153402e-08	0.9868563	0.15999052	-0.005169381	0.35453078	0.062513344	-1.3511502e-05
1.4074755492417492e-08	0.9852826	0.16927621	-0.0101430025	0.35453078	0.062513344	-4.656747e-06
1.408936119336364e-08	0.9836345	0.17900442	-0.0052469615	0.35453078	0.062513344	1.3352504e-05
1.410396705366485e-08	0.9832095	0.18128996	0.005825073	0.35453078	0.062513344	4.921083e-06
1.4119059651065254e-08	0.9844996	0.17357826	0.014349821	0.35453078	0.062513344	-1.3432446e-05
1.4133665641925373e-08	0.98643917	0.16234945	0.012720275	0.35453078	0.062513344	-4.4920803e-06
1.414827126443832e-08	0.9874159	0.15674132	0.0023291057	0.35453078	0.062513344	1.3277689e-05
1.4162876980826519e-08	0.9866088	0.16152643	-0.008505006	0.35453078	0.062513344	4.7560425e-06
1.4177482349159483e-08	0.9846727	0.17297955	-0.01083422	0.35453078	0.062513344	-1.3117966e-05
1.419257481184232e-08	0.98311377	0.18203883	-0.0020992465	0.35453078	0.062513344	-4.331317e-06
1.4207180279633254e-08	0.9833111	0.18062146	0.010294964	0.35453078	0.062513344	1.320256e-05
1.4221785798573902e-08	0.98513794	0.16988695	0.016339144	0.35453078	0.062513344	4.595045e-06
1.4236391481058967e-08	0.98711824	0.15844439	0.01075237	0.35453078	0.062513344	-1.3047174e-05
1.4251484062144258e-08	0.98754895	0.1560405	-0.0026741934	0.35453078	0.062513344	-4.1728827e-06
1.4266089635482705e-08	0.9860125	0.16514774	-0.0120925335	0.35453078	0.062513344	1.3127801e-05
1.4280695298523725e-08	0.98379797	0.17815761	-0.009811207	0.35453078	0.062513344	4.4355115e-06
1.4295300878234494e-08	0.98272145	0.18425024	0.002573987	0.35453078	0.062513344	-1.2976657e-05
1.4309906168870408e-08	0.9837331	0.17811371	0.014930587	0.35453078	0.062513344	-4.6943687e-06
1.4324998483315377e-08	0.98613477	0.16412282	0.0167176	0.35453078	0.062513344	1.3053014e-05
1.4339603957823084e-08	0.9877753	0.15470342	0.006024422	0.35453078	0.062513344	4.279517e-06
1.4354209352996738e-08	0.98732054	0.15750167	-0.008214003	0.35453078	0.062513344	-1.29058335e-05
1.4368814630930311e-08	0.9851221	0.17046106	-0.014080816	0.35453078	0.062513344	-4.53796e-06
1.4383420120849314e-08	0.9829754	0.18294811	-0.006392162	0.35453078	0.062513344	1.2753932e-05
1.4398512177517471e-08	0.9827112	0.1842103	0.009199329	0.35453078	0.062513344	4.126438e-06
1.4413117640701742e-08	0.9846504	0.17274487	0.01874906	0.35453078	0.062513344	-1.2835078e-05
1.442772296997175e-08	0.9871547	0.15824902	0.014449791	0.35453078	0.062513344	-4.384005e-06
1.4442328871543816e-08	0.9880814	0.15303917	-0.00036660823	0.35453078	0.062513344	1.2687455e-05
1.4456934359918716e-08	0.98662305	0.16169281	-0.013320041	0.35453078	0.062513344	4.636596e-06
1.4472026926774218e-08	0.98392034	0.17752393	-0.013136285	0.35453078	0.062513344	-1.2764909e-05
1.4486632451496003e-08	0.98237973	0.18635039	0.00022375255	0.35453078	0.062513344	-4.230736e-06
1.4501238418934432e-08	0.9832291	0.18111472	0.0154367825	0.35453078	0.062513344	1.2621421e-05
1.4515844068284359e-08	0.9858236	0.16594346	0.019673174	0.35453078	0.062513344	4.482408e-06
1.4530449772229009e-08	0.98799103	0.15350834	0.009131256	0.35453078	0.062513344	-1.2473304e-05
1.4545542327883224e-08	0.98780763	0.15476936	-0.008000496	0.35453078	0.062513344	-4.0791397e-06
1.4560148512996933e-08	0.98542136	0.16878389	-0.01621389	0.35453078	0.062513344	1.2555675e-05
1.4574754439499215e-08	0.9828842	0.18355565	-0.008925413	0.35453078	0.062513344	4.3295227e-06
1.4589360393684544e-08	0.9823243	0.18656445	0.007839233	0.35453078	0.062513344	-1.24117705e-05
1.460396637725039e-08	0.9842459	0.17513803	0.019935355	0.35453078	0.062513344	-4.5761176e-06
1.4619058661042181e-08	0.98714185	0.15837531	0.016708627	0.35453078	0.062513344	1.2489975e-05
1.4633663838728741e-08	0.9883672	0.1514781	0.0009649299	0.35453078	0.062513344	4.1800795e-06
1.4648268934974892e-08	0.98696357	0.15978771	-0.013888213	0.35453078	0.062513344	-1.2349231e-05
1.4662874426679961e-08	0.98413515	0.1763292	-0.015265091	0.35453078	0.062513344	-4.427881e-06
1.4677479471755718e-08	0.9822485	0.18720663	-0.001903777	0.35453078	0.062513344	1.2204061e-05
1.469257163431537e-08	0.982949	0.18280332	0.015415192	0.35453078	0.062513344	4.034849e-06
1.470717679339261e-08	0.9856585	0.166943	0.020993179	0.35453078	0.062513344	-1.22864e-05
1.4721782173876139e-08	0.9880621	0.15316992	0.01062491	0.35453078	0.062513344	-4.2820952e-06
1.4736387256748878e-08	0.98807985	0.15326127	-0.0069478187	0.35453078	0.062513344	1.2144987e-05
1.4751479469122257e-08	0.9856205	0.16767421	-0.016879667	0.35453078	0.062513344	3.8915996e-06
1.4766084940723022e-08	0.9829441	0.18327256	-0.010173091	0.35453078	0.062513344	-1.22237225e-05
1.4780690579486752e-08	0.9822239	0.18723033	0.0069154985	0.35453078	0.062513344	-4.137467e-06
1.4795295827574808e-08	0.98406297	0.17626408	0.019938773	0.35453078	0.062513344	1.2086245e-05
1.4809901462139515e-08	0.9869424	0.15959913	0.01794515	0.35453078	0.062513344	4.3797713e-06
1.4824993966115201e-08	0.98840886	0.15130937	0.0020347398	0.35453078	0.062513344	-1.2161422e-05
1.4839599780153663e-08	0.9871248	0.15889715	-0.01339381	0.35453078	0.062513344	-3.993792e-06
1.4854205098949141e-08	0.98430395	0.1753849	-0.015630994	0.35453078	0.062513344	1.202776e-05
1.4868810908761767e-08	0.9823267	0.18680866	-0.0028392505	0.35453078	0.062513344	4.235233e-06
1.4883416647135304e-08	0.98283064	0.18357573	0.014063267	0.35453078	0.062513344	-1.1889846e-05
1.4898509381664141e-08	0.98550147	0.16793598	0.02072952	0.35453078	0.062513344	-3.851554e-06
1.4913114610611135e-08	0.9879098	0.15413171	0.011265208	0.35453078	0.062513344	1.1969305e-05
1.4927720204465088e-08	0.9880619	0.15342338	-0.005748971	0.35453078	0.062513344	4.092823e-06
1.4942325781498637e-08	0.9858821	0.16618913	-0.015937401	0.35453078	0.062513344	-1.183487e-05
1.4956931238428658e-08	0.98325026	0.18153487	-0.010833541	0.35453078	0.062513344	-4.3300606e-06
1.497202366623858e-08	0.982351	0.18655635	0.0056546177	0.35453078	0.062513344	1.19105825e-05
