# t (s)	mx ()	my ()	mz ()	B_extx (T)	B_exty (T)	B_extz (T)
1e-12	0.99995244	-0.0034098036	0.0013015723	0.36	0	0
1.6224300381005456e-11	0.99995244	-0.0033870144	0.0013164125	0.36	0	3.7317038e-06
3.0524795407859163e-11	0.9999522	-0.0034213795	0.0013258982	0.36	0	-1.1808258e-05
4.5408468728581875e-11	0.99995214	-0.0034590967	0.001290886	0.36	0	-4.0370523e-06
6.014147735780853e-11	0.99995244	-0.0034150046	0.0012577688	0.36	0	1.1945966e-05
7.49618633611075e-11	0.99995244	-0.003354167	0.0012871871	0.36	0	3.8717826e-06
8.94440128258024e-11	0.9999523	-0.0033796355	0.0013359286	0.36	0	-1.1945477e-05
1.042094742751777e-10	0.99995214	-0.0034441247	0.0013312906	0.36	0	-4.0980663e-06
1.187737887204237e-10	0.9999522	-0.0034403435	0.0012931988	0.36	0	1.1955921e-05
1.3369947914001565e-10	0.99995244	-0.0033964538	0.001286837	0.36	0	4.0137015e-06
1.4849232944299248e-10	0.9999522	-0.0034046024	0.001301082	0.36	0	-1.2138911e-05
1.6318290413814433e-10	0.9999522	-0.0034292277	0.001291085	0.36	0	-3.9369174e-06
1.777837469477241e-10	0.99995244	-0.0033986152	0.0012827069	0.36	0	1.2136082e-05
1.9231570672707537e-10	0.99995244	-0.003365228	0.0013138271	0.36	0	4.3145105e-06
2.072848195619399e-10	0.9999522	-0.0034100735	0.0013432916	0.36	0	-1.222378e-05
2.2170678905142763e-10	0.999952	-0.0034662916	0.0013118337	0.36	0	-4.358747e-06
2.365791893192615e-10	0.9999523	-0.0034355104	0.0012625718	0.36	0	1.2222062e-05
2.514153927096544e-10	0.99995244	-0.003368351	0.0012734577	0.36	0	3.988595e-06
2.657253680658582e-10	0.9999523	-0.0033763302	0.0013155387	0.36	0	-1.2148221e-05
2.8050362044111413e-10	0.9999522	-0.0034269192	0.0013224992	0.36	0	-4.4291273e-06
2.9525655396903577e-10	0.9999522	-0.0034230982	0.0013015654	0.36	0	1.225491e-05
3.0999011018138303e-10	0.99995244	-0.0033930775	0.0013052665	0.36	0	4.3493387e-06
3.2470596481037947e-10	0.9999522	-0.003416928	0.0013150005	0.36	0	-1.2322853e-05
3.3940846332629175e-10	0.999952	-0.0034488658	0.001288717	0.36	0	-4.3585455e-06
3.5409685418254574e-10	0.9999523	-0.0034078164	0.0012645461	0.36	0	1.236385e-05
3.68774576471875e-10	0.9999526	-0.0033544083	0.0012967236	0.36	0	4.436921e-06
3.8344246823893083e-10	0.9999523	-0.003387997	0.0013419263	0.36	0	-1.2383447e-05
3.9810352008799797e-10	0.99995214	-0.0034546272	0.0013279752	0.36	0	-4.565032e-06
4.1324467766984077e-10	0.9999522	-0.0034419056	0.0012796859	0.36	0	1.2613043e-05
4.2789141514964396e-10	0.99995244	-0.0033861876	0.001277421	0.36	0	4.0809505e-06
4.4253249078543467e-10	0.9999522	-0.0033910996	0.0013042764	0.36	0	-1.2611269e-05
4.5717002821054965e-10	0.9999522	-0.0034257055	0.0013038685	0.36	0	-4.277665e-06
4.71803057672887e-10	0.9999523	-0.003406942	0.0012925556	0.36	0	1.2599174e-05
4.86432592452216e-10	0.99995244	-0.0033764455	0.001313334	0.36	0	4.496733e-06
5.010586318573624e-10	0.9999522	-0.0034137396	0.0013329777	0.36	0	-1.2576701e-05
5.161706095728389e-10	0.999952	-0.0034629777	0.0013003445	0.36	0	-4.0726704e-06
5.307924870982152e-10	0.9999522	-0.0034245304	0.0012603182	0.36	0	1.2782336e-05
5.454121256167281e-10	0.99995244	-0.0033604072	0.0012805717	0.36	0	4.3227437e-06
5.600297659402835e-10	0.99995244	-0.0033788274	0.0013271146	0.36	0	-1.2755507e-05
5.74646951961384e-10	0.9999522	-0.0034375289	0.0013268064	0.36	0	-4.582596e-06
5.892621289450792e-10	0.9999522	-0.0034323707	0.001296046	0.36	0	1.2721518e-05
6.043635623329204e-10	0.99995244	-0.0033920242	0.0012940156	0.36	0	4.1833923e-06
6.189764899661769e-10	0.9999522	-0.0034079645	0.0013087116	0.36	0	-1.29229165e-05
6.335892954580527e-10	0.99995214	-0.0034392343	0.0012923239	0.36	0	-4.4585563e-06
6.482008585913995e-10	0.9999522	-0.003405173	0.0012751094	0.36	0	1.2888668e-05
6.628120983950321e-10	0.9999525	-0.0033608663	0.0013051619	0.36	0	4.7383346e-06
6.779091895695577e-10	0.99995244	-0.0033998867	0.0013406795	0.36	0	-1.3084655e-05
6.925194612642403e-10	0.999952	-0.0034604366	0.001317169	0.36	0	-4.3486366e-06
7.071289578322916e-10	0.9999522	-0.0034367568	0.0012722273	0.36	0	1.3051641e-05
7.217383305807623e-10	0.99995244	-0.0033763961	0.0012777817	0.36	0	4.6369014e-06
7.36346773835184e-10	0.99995244	-0.0033856991	0.0013123349	0.36	0	-1.3011829e-05
7.514425674455677e-10	0.9999522	-0.0034306461	0.0013121347	0.36	0	-4.246198e-06
7.660508603580813e-10	0.9999522	-0.0034154498	0.0012939032	0.36	0	1.3212912e-05
7.806591161842971e-10	0.99995244	-0.0033816986	0.0013077328	0.36	0	4.5407974e-06
7.952666427845979e-10	0.9999523	-0.0034131305	0.001325005	0.36	0	-1.3175303e-05
8.098746041848663e-10	0.999952	-0.0034560463	0.0012968222	0.36	0	-4.837481e-06
8.24969141311851e-10	0.9999522	-0.003416717	0.001264712	0.36	0	1.3373893e-05
8.39576715991107e-10	0.9999525	-0.003358939	0.0012901239	0.36	0	4.4470394e-06
8.541837255834393e-10	0.99995244	-0.0033865005	0.0013332978	0.36	0	-1.33389e-05
8.687911309047962e-10	0.9999522	-0.003447669	0.0013231998	0.36	0	-4.7484596e-06
8.833984615140947e-10	0.9999522	-0.003434235	0.0012859892	0.36	0	1.3297736e-05
8.984923783234314e-10	0.9999523	-0.003385408	0.0012896282	0.36	0	4.353949e-06
9.130990823887453e-10	0.9999522	-0.0034015242	0.001311282	0.36	0	-1.3503251e-05
9.27706169429019e-10	0.9999522	-0.0034386786	0.0012982341	0.36	0	-4.6595096e-06
9.423132371903685e-10	0.9999523	-0.003408739	0.0012791579	0.36	0	1.34649335e-05
9.569197701046913e-10	0.99995244	-0.0033649849	0.0013054815	0.36	0	4.965984e-06
9.720133512743835e-10	0.9999523	-0.0034044413	0.0013372492	0.36	0	-1.3668746e-05
9.866202209365502e-10	0.99995214	-0.0034611414	0.0013106384	0.36	0	-4.5699376e-06
1.0012271065117128e-09	0.99995214	-0.00343104	0.0012681808	0.36	0	1.3633417e-05
1.0158334631146581e-09	0.9999523	-0.0033688247	0.0012811979	0.36	0	4.8803004e-06
1.030440125727802e-09	0.99995244	-0.003385	0.001320497	0.36	0	-1.3591247e-05
1.0455336199050273e-09	0.9999522	-0.0034377135	0.0013145901	0.36	0	-4.479259e-06
1.0601403758967731e-09	0.9999522	-0.003420373	0.0012896187	0.36	0	1.380341e-05
1.0747466267144813e-09	0.9999523	-0.0033796527	0.0013023058	0.36	0	4.7933654e-06
1.0893532238918383e-09	0.9999522	-0.0034084257	0.0013237195	0.36	0	-1.3764343e-05
1.1039597929123103e-09	0.999952	-0.00345393	0.0012991525	0.36	0	-5.107941e-06
1.1190533014798962e-09	0.9999522	-0.003414793	0.0012663178	0.36	0	1.39751e-05
1.1336594790030492e-09	0.99995244	-0.0033578025	0.0012934547	0.36	0	4.704839e-06
1.148265997069638e-09	0.99995244	-0.0033891741	0.001336115	0.36	0	-1.3939215e-05
1.1628724744237944e-09	0.9999522	-0.003452801	0.0013218103	0.36	0	-5.023189e-06
1.1774788374670428e-09	0.9999522	-0.0034354334	0.0012808557	0.36	0	1.3896746e-05
1.192571994582347e-09	0.9999522	-0.0033789582	0.0012870856	0.36	0	4.614732e-06
1.207178449276015e-09	0.9999522	-0.0033968035	0.0013151022	0.36	0	-1.4115923e-05
1.221784859831423e-09	0.9999522	-0.0034406024	0.001303255	0.36	0	-4.9368296e-06
1.2363911748228196e-09	0.99995244	-0.0034131706	0.0012801107	0.36	0	1.4076664e-05
1.2514843135867292e-09	0.99995244	-0.0033659386	0.0013056082	0.36	0	4.5228026e-06
1.2660907468554784e-09	0.9999522	-0.0034044145	0.0013363594	0.36	0	-1.4294613e-05
1.280697122814701e-09	0.99995214	-0.0034621703	0.0013094186	0.36	0	-4.848569e-06
1.2953034005529042e-09	0.9999522	-0.003430299	0.0012663932	0.36	0	1.4258665e-05
1.3099098222750719e-09	0.99995244	-0.003365428	0.0012812474	0.36	0	5.1753827e-06
1.3250029138072408e-09	0.99995244	-0.0033860607	0.0013252529	0.36	0	-1.4475357e-05
1.339609228613651e-09	0.9999522	-0.0034425831	0.0013177298	0.36	0	-4.758421e-06
1.3542154830975106e-09	0.9999522	-0.003425076	0.0012874193	0.36	0	1.4442793e-05
1.3688218938437414e-09	0.9999523	-0.0033791445	0.0012979986	0.36	0	5.089009e-06
1.3834280007921893e-09	0.99995214	-0.0034052776	0.0013217787	0.36	0	-1.440332e-05
1.398521312270778e-09	0.9999522	-0.0034533395	0.0012985999	0.36	0	-4.666133e-06
1.4131275622881403e-09	0.99995244	-0.0034155394	0.0012675538	0.36	0	1.4629186e-05
1.4277340117153375e-09	0.99995244	-0.0033573743	0.0012942128	0.36	0	5.000424e-06
1.4423401188523728e-09	0.9999522	-0.003389833	0.0013371685	0.36	0	-1.4593194e-05
1.4569465224118629e-09	0.999952	-0.0034555711	0.001321522	0.36	0	-5.3359754e-06
1.4720396691323318e-09	0.9999522	-0.0034347125	0.0012767542	0.36	0	1.4817921e-05
1.486646132344416e-09	0.99995244	-0.0033759738	0.0012839824	0.36	0	4.9096448e-06
1.50125226141085e-09	0.9999522	-0.0033928563	0.0013156474	0.36	0	-1.4785497e-05
1.5158586573324106e-09	0.9999522	-0.0034399715	0.0013062415	0.36	0	-5.2490777e-06
1.5304650815992536e-09	0.99995244	-0.0034147014	0.00128267	0.36	0	1.4746163e-05
1.5455582703117902e-09	0.99995244	-0.0033670464	0.0013044351	0.36	0	4.816594e-06
1.5601643844372652e-09	0.9999522	-0.0034047216	0.0013348025	0.36	0	-1.4980273e-05
1.5747707631527557e-09	0.999952	-0.003462615	0.0013075505	0.36	0	-5.160021e-06
1.5893771777172483e-09	0.9999522	-0.0034285635	0.0012649853	0.36	0	1.4944507e-05
1.6039832677177888e-09	0.9999526	-0.0033618417	0.0012824329	0.36	0	5.504489e-06
1.6190764491236241e-09	0.9999522	-0.0033838234	0.0013275628	0.36	0	-1.5177573e-05
1.633682816275597e-09	0.9999522	-0.003444683	0.0013204359	0.36	0	-5.068791e-06
1.6482892317401587e-09	0.9999522	-0.0034282054	0.001287554	0.36	0	1.5145477e-05
1.6628953482797382e-09	0.99995244	-0.0033799543	0.0012960907	0.36	0	5.4173124e-06
1.6775018063670499e-09	0.9999522	-0.003404749	0.0013194733	0.36	0	-1.5106058e-05
1.6925949181340363e-09	0.99995214	-0.0034513043	0.0012976662	0.36	0	-4.975169e-06
1.707201344877446e-09	0.99995244	-0.0034129992	0.001269029	0.36	0	1.5349206e-05
1.7218074639101733e-09	0.9999526	-0.0033559038	0.0012980085	0.36	0	5.327808e-06
1.7364138997380855e-09	0.9999522	-0.0033928666	0.0013402734	0.36	0	-1.5313495e-05
1.7510201432997308e-09	0.999952	-0.003461244	0.0013198025	0.36	0	-5.681394e-06
1.7661133997033551e-09	0.9999522	-0.003436406	0.0012731225	0.36	0	1.555571e-05
1.780719510621438e-09	0.99995244	-0.0033726469	0.0012812222	0.36	0	5.236089e-06
1.7953259544701756e-09	0.99995244	-0.0033892759	0.0013164429	0.36	0	-1.552382e-05
1.8099321899563555e-09	0.9999522	-0.0034398492	0.0013087532	0.36	0	-5.593977e-06
1.8245384274720378e-09	0.9999522	-0.0034158968	0.0012846059	0.36	0	1.5484484e-05
1.839631557889558e-09	0.99995244	-0.003369885	0.0013066118	0.36	0	5.141983e-06
1.8542380050742187e-09	0.9999522	-0.003408886	0.0013332412	0.36	0	-1.5737134e-05
1.868844258458729e-09	0.999952	-0.0034649882	0.0013021427	0.36	0	-5.5041855e-06
1.8834505054678912e-09	0.9999522	-0.0034244761	0.001260199	0.36	0	1.5701682e-05
1.8985436430608777e-09	0.9999526	-0.0033538674	0.0012858439	0.36	0	5.0453646e-06
1.9131500888733634e-09	0.99995244	-0.0033832188	0.0013341757	0.36	0	-1.5953554e-05
1.9277563381729204e-09	0.999952	-0.0034511199	0.0013237097	0.36	0	-5.411975e-06
1.942362583942195e-09	0.9999522	-0.003433612	0.0012843838	0.36	0	1.5922073e-05
1.956969052430738e-09	0.99995244	-0.0033788704	0.0012909978	0.36	0	5.779965e-06
1.9720621917126472e-09	0.9999522	-0.0034030096	0.0013163637	0.36	0	-1.6173164e-05
1.986668430917346e-09	0.99995214	-0.0034481178	0.0012968268	0.36	0	-5.317279e-06
2.0012746716523896e-09	0.9999523	-0.0034094711	0.0012714772	0.36	0	1.6145763e-05
2.0158811424900254e-09	0.9999525	-0.0033543042	0.001303652	0.36	0	5.6898534e-06
2.0304872679018656e-09	0.9999523	-0.003397631	0.0013447714	0.36	0	-1.6110786e-05
2.045580518854279e-09	0.999952	-0.0034697175	0.0013143633	0.36	0	-5.2200603e-06
2.0601867421842503e-09	0.9999522	-0.003435687	0.0012640152	0.36	0	1.6372835e-05
2.074793217588998e-09	0.9999525	-0.003363085	0.0012778067	0.36	0	5.597293e-06
2.0893993362075376e-09	0.99995244	-0.0033820884	0.0013223339	0.36	0	-1.6341999e-05
2.10400570777385e-09	0.9999522	-0.0034424483	0.0013168824	0.36	0	-5.9764366e-06
2.119098806237452e-09	0.9999522	-0.003420407	0.0012869522	0.36	0	1.6603404e-05
2.133705276468757e-09	0.99995244	-0.0033728897	0.0013039296	0.36	0	5.5022183e-06
2.1483113995940297e-09	0.9999522	-0.0034095182	0.0013291333	0.36	0	-1.657683e-05
2.1629177730304337e-09	0.99995214	-0.0034638871	0.0012979448	0.36	0	-5.886188e-06
2.177524142589711e-09	0.9999522	-0.0034195043	0.0012585362	0.36	0	1.6542519e-05
2.192617352319343e-09	0.9999526	-0.003346923	0.0012917845	0.36	0	5.404501e-06
2.2072234727386983e-09	0.99995244	-0.0033852693	0.0013434101	0.36	0	-1.681541e-05
2.2218298503432497e-09	0.999952	-0.003461866	0.0013260999	0.36	0	-5.793366e-06
2.236436219381153e-09	0.9999522	-0.003440813	0.0012767107	0.36	0	1.6785423e-05
2.2510423573598495e-09	0.99995244	-0.0033746087	0.0012815945	0.36	0	6.1839132e-06
2.2661355590689047e-09	0.99995244	-0.003394279	0.0013169528	0.36	0	-1.7057853e-05
2.2807419336070433e-09	0.9999522	-0.0034456123	0.0013032047	0.36	0	-5.69791e-06
2.295348320613949e-09	0.9999522	-0.0034123487	0.001277204	0.36	0	1.7032333e-05
2.309954467914351e-09	0.99995244	-0.0033585904	0.0013056309	0.36	0	6.0935176e-06
2.3245609303193685e-09	0.9999522	-0.0034024073	0.001342465	0.36	0	-1.6998682e-05
2.3396540271469125e-09	0.999952	-0.003473892	0.001308573	0.36	0	-5.5997357e-06
2.3542603930821246e-09	0.9999522	-0.0034322967	0.0012570815	0.36	0	1.7283348e-05
2.36886649973171e-09	0.99995244	-0.0033533408	0.0012777175	0.36	0	6.0006355e-06
2.3834729649605775e-09	0.99995244	-0.0033771906	0.0013305198	0.36	0	-1.7254197e-05
2.3980791647836707e-09	0.9999522	-0.0034484284	0.0013247983	0.36	0	-6.403047e-06
2.4131724192445114e-09	0.9999522	-0.003430289	0.0012848828	0.36	0	1.7538596e-05
2.427778548948299e-09	0.99995244	-0.0033746269	0.0012954917	0.36	0	5.9050167e-06
2.4423850043634773e-09	0.9999522	-0.003404255	0.0013228419	0.36	0	-1.7514121e-05
2.456991203500481e-09	0.9999522	-0.0034577595	0.0012978098	0.36	0	-6.312852e-06
2.471597447343471e-09	0.99995244	-0.0034152807	0.0012637532	0.36	0	1.7481289e-05
2.4866905915922066e-09	0.99995244	-0.0033462276	0.0012973604	0.36	0	5.806624e-06
2.501297062240974e-09	0.9999523	-0.0033902153	0.0013471346	0.36	0	-1.7778613e-05
2.5159032853720063e-09	0.99995214	-0.0034697347	0.001323135	0.36	0	-6.219867e-06
2.5305095501889058e-09	0.9999522	-0.0034421007	0.0012685938	0.36	0	1.775056e-05
2.5456027012685034e-09	0.99995244	-0.0033647974	0.0012776324	0.36	0	5.7052316e-06
2.5602091637817856e-09	0.99995244	-0.0033852877	0.0013202815	0.36	0	-1.8047846e-05
2.5748153897639317e-09	0.9999522	-0.003445387	0.001311662	0.36	0	-6.124046e-06
2.58942163892618e-09	0.9999523	-0.0034184668	0.0012824084	0.36	0	1.802469e-05
2.604028086734282e-09	0.99995244	-0.0033643858	0.0013044712	0.36	0	6.5450677e-06
2.6191212140944966e-09	0.9999522	-0.0034073908	0.0013372307	0.36	0	-1.8321925e-05
2.6337274263249963e-09	0.9999522	-0.0034718262	0.001302938	0.36	0	-6.025479e-06
2.6483336577770975e-09	0.9999523	-0.0034258165	0.0012559071	0.36	0	1.830381e-05
2.66294010122009e-09	0.99995244	-0.0033468953	0.0012835094	0.36	0	6.4523606e-06
2.6775462138644137e-09	0.9999522	-0.0033792006	0.0013387356	0.36	0	-1.8277211e-05
2.692639475885434e-09	0.9999522	-0.0034593928	0.0013261575	0.36	0	-5.923919e-06
2.707245719797722e-09	0.9999522	-0.0034369265	0.0012796676	0.36	0	1.8588182e-05
2.7218521820050005e-09	0.99995244	-0.003372139	0.001288153	0.36	0	6.356647e-06
2.7364582907092957e-09	0.9999522	-0.0033978515	0.001320356	0.36	0	-1.8566754e-05
2.75106467765077e-09	0.9999522	-0.0034541064	0.0013004604	0.36	0	-6.7922365e-06
2.7661577821983958e-09	0.9999523	-0.00341239	0.0012691701	0.36	0	1.8877963e-05
2.780764235810718e-09	0.99995244	-0.0033495135	0.0013025458	0.36	0	6.258018e-06
2.7953703480237416e-09	0.9999522	-0.003397197	0.0013468859	0.36	0	-1.8861869e-05
2.8099767217403617e-09	0.999952	-0.0034753587	0.0013158957	0.36	0	-6.6998205e-06
2.824583061357736e-09	0.9999522	-0.003438235	0.0012602938	0.36	0	1.883709e-05
2.839676253214958e-09	0.99995244	-0.0033552365	0.0012780869	0.36	0	6.1563974e-06
2.8542823530490387e-09	0.9999522	-0.0033814008	0.0013279213	0.36	0	-1.9162742e-05
2.8688887230390137e-09	0.99995214	-0.003451367	0.0013177736	0.36	0	-6.6045286e-06
2.8834950642673765e-09	0.9999523	-0.0034254687	0.0012813152	0.36	0	1.9143406e-05
2.898101201787049e-09	0.9999525	-0.003365166	0.0012996629	0.36	0	7.055333e-06
2.913194398947455e-09	0.9999522	-0.0034059796	0.0013320101	0.36	0	-1.9469655e-05
2.927800774858882e-09	0.999952	-0.0034689324	0.0012996818	0.36	0	-6.5060735e-06
2.9424071324319844e-09	0.99995244	-0.0034203075	0.0012568377	0.36	0	1.9455976e-05
2.9570132814849766e-09	0.9999526	-0.0033422753	0.0012901648	0.36	0	6.9634225e-06
2.971619768654621e-09	0.99995244	-0.0033832695	0.0013460986	0.36	0	-1.9433195e-05
2.9867128731763145e-09	0.999952	-0.0034692872	0.001323207	0.36	0	-6.4043547e-06
3.0013192286405715e-09	0.9999522	-0.0034387552	0.0012702802	0.36	0	1.9775009e-05
3.015925357930253e-09	0.9999525	-0.0033633148	0.0012830057	0.36	0	6.8684676e-06
3.0305318370388946e-09	0.9999522	-0.0033902095	0.0013245068	0.36	0	-1.975798e-05
3.045138031601357e-09	0.999952	-0.0034557674	0.0013073683	0.36	0	-7.335151e-06
3.0602312863732267e-09	0.99995244	-0.0034160598	0.0012715416	0.36	0	2.0100706e-05
3.074837444670388e-09	0.9999526	-0.0033510334	0.0013025891	0.36	0	6.770334e-06
3.0894439460104815e-09	0.9999522	-0.003399558	0.0013455123	0.36	0	-2.00897e-05
3.10405016109854e-09	0.999952	-0.003478311	0.0013114666	0.36	0	-7.2439743e-06
3.118656442669039e-09	0.9999522	-0.0034350862	0.0012553262	0.36	0	2.0069268e-05
3.1337495884910326e-09	0.9999526	-0.0033461333	0.0012814308	0.36	0	6.668807e-06
3.148356080784499e-09	0.9999523	-0.0033804397	0.0013371449	0.36	0	-2.0428619e-05
3.1629622926884045e-09	0.999952	-0.0034609523	0.0013220506	0.36	0	-7.1496524e-06
3.1775685692595127e-09	0.9999522	-0.0034329307	0.0012758558	0.36	0	2.0414318e-05
3.192661709330183e-09	0.9999526	-0.003361161	0.0012946897	0.36	0	6.563942e-06
3.2072681848369014e-09	0.9999522	-0.003400406	0.0013321502	0.36	0	-2.0774985e-05
3.2218744027302208e-09	0.999952	-0.0034687656	0.0013025872	0.36	0	-7.052125e-06
3.2364806791785924e-09	0.9999522	-0.0034211238	0.0012586063	0.36	0	2.0767062e-05
3.2510871196836938e-09	0.9999526	-0.0033411223	0.0012920952	0.36	0	7.5437747e-06
3.2661802836546266e-09	0.9999522	-0.003389492	0.0013493062	0.36	0	-2.1129126e-05
3.2807864881136734e-09	0.999952	-0.0034765806	0.0013210307	0.36	0	-6.9512826e-06
3.2953927566576816e-09	0.9999522	-0.003439714	0.0012630607	0.36	0	2.1127804e-05
3.309999193833008e-09	0.99995244	-0.0033550716	0.0012797612	0.36	0	7.450656e-06
3.324605318452229e-09	0.99995244	-0.0033841243	0.0013294602	0.36	0	-2.1116895e-05
3.3396985595678773e-09	0.999952	-0.0034610846	0.0013113396	0.36	0	-6.8469785e-06
3.3543048253801563e-09	0.9999523	-0.0034222729	0.0012704238	0.36	0	2.14969e-05
3.368911281467896e-09	0.9999526	-0.0033505214	0.0012984935	0.36	0	7.354168e-06
3.383517404209845e-09	0.9999523	-0.0033972405	0.001343615	0.36	0	-2.149281e-05
3.398123833517175e-09	0.999952	-0.0034785985	0.001310835	0.36	0	-7.865641e-06
3.4132169395721945e-09	0.9999522	-0.003430154	0.0012530527	0.36	0	2.1874748e-05
3.4278233810821243e-09	0.9999526	-0.0033407938	0.0012823949	0.36	0	7.254185e-06
3.442429520802458e-09	0.99995244	-0.0033794125	0.0013419727	0.36	0	-2.187774e-05
3.4570359471865216e-09	0.99995214	-0.0034672979	0.0013240981	0.36	0	-7.773912e-06
3.4716422834820847e-09	0.9999522	-0.0034370343	0.0012720029	0.36	0	2.1870957e-05
3.4867355252660346e-09	0.9999525	-0.0033565022	0.0012894263	0.36	0	7.150495e-06
3.501341654351853e-09	0.9999523	-0.0033949767	0.0013329381	0.36	0	-2.2272068e-05
3.5159480696133612e-09	0.999952	-0.0034694844	0.0013059119	0.36	0	-7.678737e-06
3.5305544071828466e-09	0.9999522	-0.0034229215	0.001260053	0.36	0	2.2272578e-05
3.5451605712507013e-09	0.99995244	-0.0033402	0.0012929803	0.36	0	8.211402e-06
3.5602537609719895e-09	0.99995244	-0.0033895515	0.0013505885	0.36	0	-2.2676177e-05
3.5748601641440567e-09	0.999952	-0.003480913	0.0013202068	0.36	0	-7.5800663e-06
3.5894665082803055e-09	0.9999522	-0.0034403377	0.0012593742	0.36	0	2.2684284e-05
3.6040726711502083e-09	0.99995244	-0.0033494337	0.0012787656	0.36	0	8.121661e-06
3.6186791650482433e-09	0.99995244	-0.0033814292	0.0013330205	0.36	0	-2.2682107e-05
3.6337722736259623e-09	0.99995214	-0.0034648646	0.0013153935	0.36	0	-7.4776553e-06
3.648378596517382e-09	0.9999522	-0.0034262193	0.0012699884	0.36	0	2.310655e-05
3.662984756667782e-09	0.99995244	-0.003349331	0.0012967924	0.36	0	8.028454e-06
3.677591252242649e-09	0.9999522	-0.0033967856	0.0013432362	0.36	0	-2.3112232e-05
3.6921974470810324e-09	0.999952	-0.0034812037	0.0013091066	0.36	0	-8.58355e-06
3.7072907213762427e-09	0.9999522	-0.0034293556	0.0012517433	0.36	0	2.3539898e-05
3.721896886373497e-09	0.9999525	-0.003335948	0.0012839758	0.36	0	7.931492e-06
3.736503373668305e-09	0.99995244	-0.0033793787	0.0013463428	0.36	0	-2.355379e-05
3.751109553411942e-09	0.99995214	-0.0034739696	0.001324716	0.36	0	-8.4963185e-06
3.765715841595599e-09	0.9999522	-0.0034397338	0.0012675017	0.36	0	2.3556988e-05
3.7808089688017016e-09	0.99995244	-0.0033525457	0.0012865285	0.36	0	7.8308485e-06
3.795415458855109e-09	0.9999523	-0.0033920591	0.0013338901	0.36	0	-2.4007257e-05
3.810021649598121e-09	0.9999522	-0.0034717142	0.0013066744	0.36	0	-8.405546e-06
3.82462795082283e-09	0.99995244	-0.0034228163	0.0012591702	0.36	0	2.401899e-05
3.839721071428257e-09	0.9999525	-0.0033358743	0.0012965495	0.36	0	7.726192e-06
3.854327559155687e-09	0.9999522	-0.0033914004	0.0013530194	0.36	0	-2.4473251e-05
3.868933751309727e-09	0.999952	-0.003487434	0.0013179559	0.36	0	-8.311041e-06
3.883540026584387e-09	0.9999522	-0.003440325	0.0012532289	0.36	0	2.449387e-05
3.898146461892797e-09	0.99995244	-0.0033408385	0.0012775299	0.36	0	8.901536e-06
3.913239634394549e-09	0.99995244	-0.0033806716	0.0013389684	0.36	0	-2.495235e-05
3.927845825083546e-09	0.99995214	-0.003470148	0.001318143	0.36	0	-8.212728e-06
3.942452105727106e-09	0.9999522	-0.0034294748	0.0012679112	0.36	0	2.4982299e-05
3.9570585525744615e-09	0.99995244	-0.0033460432	0.0012954528	0.36	0	8.813955e-06
3.971664680237062e-09	0.9999522	-0.0033960624	0.0013447551	0.36	0	-2.5001435e-05
3.9867579367562025e-09	0.999952	-0.0034858973	0.0013052798	0.36	0	-8.110259e-06
4.00136421903473e-09	0.9999523	-0.0034270976	0.0012478593	0.36	0	2.5484986e-05
4.015970659515674e-09	0.9999526	-0.003327665	0.0012861957	0.36	0	8.722557e-06
4.030576772816927e-09	0.9999522	-0.0033787598	0.0013541112	0.36	0	-2.5513818e-05
4.045183178197997e-09	0.9999519	-0.003484146	0.0013271178	0.36	0	-9.341821e-06
4.0602762561182795e-09	0.9999522	-0.0034410874	0.0012604111	0.36	0	2.6002554e-05
4.0748826721118165e-09	0.99995244	-0.0033455074	0.0012824434	0.36	0	8.627473e-06
4.0894887669098015e-09	0.9999522	-0.0033869601	0.0013368626	0.36	0	-2.604154e-05
4.10409518193131e-09	0.999952	-0.0034752951	0.0013098624	0.36	0	-9.258549e-06
4.1187014615518505e-09	0.99995244	-0.003425188	0.0012582861	0.36	0	2.6069494e-05
4.1337946777970354e-09	0.99995244	-0.003331582	0.0012986568	0.36	0	8.528286e-06
4.148400771392203e-09	0.9999522	-0.003393262	0.0013573383	0.36	0	-2.6585514e-05
4.163007178086801e-09	0.9999519	-0.0034963512	0.0013160715	0.36	0	-9.1715065e-06
4.177613479692355e-09	0.9999522	-0.0034414076	0.0012449283	0.36	0	2.6624139e-05
4.1922196381150575e-09	0.9999526	-0.003329979	0.0012745524	0.36	0	9.822046e-06
4.207312805235971e-09	0.9999523	-0.0033756883	0.0013474016	0.36	0	-2.7146627e-05
4.221919214789006e-09	0.999952	-0.003478729	0.0013242805	0.36	0	-9.080375e-06
4.236525504658602e-09	0.9999522	-0.0034370187	0.0012646085	0.36	0	2.7196458e-05
4.25113165363286e-09	0.9999526	-0.0033429696	0.0012900787	0.36	0	9.743917e-06
4.265738104957666e-09	0.9999522	-0.0033920798	0.0013440314	0.36	0	-2.7234679e-05
4.280831185468326e-09	0.999952	-0.0034893646	0.0013046769	0.36	0	-8.9852665e-06
4.295437464088436e-09	0.99995244	-0.003425965	0.0012449014	0.36	0	2.7787348e-05
4.310043609060536e-09	0.9999526	-0.0033197976	0.0012882968	0.36	0	9.662184e-06
4.324650075991083e-09	0.9999523	-0.003378416	0.0013616771	0.36	0	-2.783735e-05
4.339256240602781e-09	0.99995184	-0.003495124	0.00132906	0.36	0	-1.0346616e-05
4.3543494924559484e-09	0.9999522	-0.003446662	0.0012506889	0.36	0	2.8397984e-05
4.368955654351267e-09	0.9999526	-0.0033356634	0.0012751289	0.36	0	9.576214e-06
4.383562141125445e-09	0.99995244	-0.0033777598	0.0013405462	0.36	0	-2.8460454e-05
4.398168315327436e-09	0.999952	-0.003478146	0.0013168177	0.36	0	-1.027482e-05
4.412774630726281e-09	0.9999522	-0.0034303626	0.0012602597	0.36	0	2.8510929e-05
4.427867743164908e-09	0.9999526	-0.0033298552	0.0012973215	0.36	0	9.48593e-06
4.442474211991795e-09	0.9999522	-0.0033937574	0.0013577252	0.36	0	-2.9105062e-05
4.457080387295402e-09	0.99995184	-0.0035020881	0.001312996	0.36	0	-1.0199306e-05
4.4716867159164535e-09	0.9999522	-0.003439737	0.001238769	0.36	0	2.9168663e-05
4.486779842098044e-09	0.99995273	-0.0033160942	0.0012781377	0.36	0	9.391204e-06
4.501386335896185e-09	0.99995244	-0.003371363	0.0013575052	0.36	0	-2.9772487e-05
4.515992522777854e-09	0.9999519	-0.0034899397	0.0013307437	0.36	0	-1.0119667e-05
4.530598837879439e-09	0.9999522	-0.0034462034	0.001259521	0.36	0	2.9849965e-05
4.5452052621660215e-09	0.9999526	-0.003338674	0.0012825137	0.36	0	1.0857777e-05
4.560298427202533e-09	0.9999523	-0.0033892503	0.0013441556	0.36	0	-3.0464003e-05
4.5749046064936e-09	0.999952	-0.0034899649	0.001307657	0.36	0	-1.0036053e-05
4.589510917457237e-09	0.9999523	-0.0034261118	0.0012466694	0.36	0	3.0556173e-05
4.604117335375267e-09	0.9999526	-0.0033159226	0.0012923067	0.36	0	1.07905535e-05
4.618723448564313e-09	0.9999523	-0.003382167	0.0013665442	0.36	0	-3.0636285e-05
4.633816668019735e-09	0.99995184	-0.0035087513	0.0013231611	0.36	0	-9.948147e-06
4.648422979028103e-09	0.9999522	-0.0034481864	0.0012406239	0.36	0	3.1288855e-05
4.6630294056356125e-09	0.9999526	-0.0033226185	0.0012712775	0.36	0	1.0719553e-05
4.677635518349358e-09	0.99995244	-0.0033700287	0.0013483778	0.36	0	-3.1384596e-05
4.692241962898513e-09	0.999952	-0.0034858764	0.0013243068	0.36	0	-1.150278e-05
4.707335070203037e-09	0.9999522	-0.0034347605	0.0012580932	0.36	0	3.2049742e-05
4.7219415212423096e-09	0.9999526	-0.003328406	0.0012931118	0.36	0	1.0644395e-05
4.736547653909625e-09	0.9999523	-0.0033924535	0.0013556428	0.36	0	-3.2162145e-05
4.751154094999476e-09	0.9999519	-0.0035054402	0.0013092539	0.36	0	-1.1445879e-05
4.765760376543422e-09	0.9999522	-0.003435421	0.0012346929	0.36	0	3.2262422e-05
4.780853611114065e-09	0.9999526	-0.003305971	0.0012828106	0.36	0	1.0565084e-05
4.795459728639779e-09	0.99995244	-0.0033727507	0.0013676693	0.36	0	-3.297068e-05
4.810066161052823e-09	0.9999519	-0.0035051326	0.0013316658	0.36	0	-1.138566e-05
4.824672444535896e-09	0.9999522	-0.0034521513	0.0012483672	0.36	0	3.3088694e-05
4.839278645057634e-09	0.9999526	-0.003326578	0.0012752245	0.36	0	1.2219347e-05
4.854371817853997e-09	0.99995244	-0.0033805072	0.0013478718	0.36	0	-3.381237e-05
4.8689782723912855e-09	0.999952	-0.0034943998	0.0013131162	0.36	0	-1.132153e-05
4.8835845782067125e-09	0.9999522	-0.0034295646	0.0012471274	0.36	0	3.3949385e-05
4.89819077419946e-09	0.9999526	-0.0033117454	0.0012939558	0.36	0	1.2175793e-05
4.912797273888443e-09	0.9999522	-0.003384813	0.0013701242	0.36	0	-3.4073906e-05
4.927890411294728e-09	0.9999519	-0.0035186068	0.0013174784	0.36	0	-1.1253311e-05
4.942496717482027e-09	0.9999522	-0.0034452323	0.0012302733	0.36	0	3.4846784e-05
4.957102932483609e-09	0.9999526	-0.003305701	0.0012722454	0.36	0	1.2128989e-05
4.971709415967221e-09	0.99995244	-0.0033652603	0.0013620906	0.36	0	-3.499169e-05
4.986315571348298e-09	0.999952	-0.003501668	0.0013314818	0.36	0	-1.3019106e-05
5.001408822909292e-09	0.9999522	-0.0034435878	0.0012503511	0.36	0	3.578344e-05
5.016015021730591e-09	0.9999526	-0.0033198658	0.001285996	0.36	0	1.20791055e-05
5.030621507698493e-09	0.9999522	-0.0033859406	0.001357723	0.36	0	-3.5950172e-05
5.045227657624904e-09	0.999952	-0.0035110202	0.0013110405	0.36	0	-1.2992662e-05
5.0598339928805395e-09	0.9999522	-0.0034360061	0.0012317492	0.36	0	3.6104175e-05
5.074927099789818e-09	0.9999526	-0.0032959385	0.0012875102	0.36	0	1.2025726e-05
5.089533587584449e-09	0.9999523	-0.0033753582	0.0013776534	0.36	0	-3.6952395e-05
5.104139746740814e-09	0.9999519	-0.003522551	0.0013301824	0.36	0	-1.296371e-05
5.118746097333239e-09	0.9999522	-0.003456349	0.001233821	0.36	0	3.71301e-05
5.133839209726509e-09	0.9999526	-0.0033071528	0.0012726033	0.36	0	1.1968445e-05
5.148445697656449e-09	0.99995244	-0.0033713188	0.0013592696	0.36	0	-3.8001708e-05
5.1630518589772825e-09	0.999952	-0.00350683	0.0013219735	0.36	0	-1.2932008e-05
5.177658195520104e-09	0.9999522	-0.0034391852	0.0012426529	0.36	0	3.820489e-05
5.192264611322814e-09	0.9999526	-0.0033047514	0.0012886962	0.36	0	1.3913731e-05
5.207357813252769e-09	0.9999522	-0.0033876833	0.0013730789	0.36	0	-3.910171e-05
5.221963995875203e-09	0.9999519	-0.0035286404	0.0013154013	0.36	0	-1.2897368e-05
5.23657034656377e-09	0.9999522	-0.003444356	0.0012216528	0.36	0	3.9332455e-05
5.251176775916953e-09	0.9999526	-0.0032891796	0.001273516	0.36	0	1.3907111e-05
5.265782916586578e-09	0.9999523	-0.003361682	0.0013757781	0.36	0	-3.9551276e-05
5.280876146303079e-09	0.9999519	-0.0035228897	0.0013322949	0.36	0	-1.2859636e-05
5.295482480768383e-09	0.9999522	-0.0034528382	0.0012367273	0.36	0	4.0516927e-05
5.310088890192908e-09	0.9999526	-0.0033044547	0.001276334	0.36	0	1.389907e-05
5.324695008362864e-09	0.9999522	-0.0033744157	0.0013641984	0.36	0	-4.0765844e-05
5.339301472273199e-09	0.9999519	-0.0035197367	0.0013185457	0.36	0	-1.4961085e-05
5.354394570890974e-09	0.9999522	-0.0034356925	0.0012278653	0.36	0	4.1762964e-05
5.369000977223063e-09	0.9999526	-0.00328596	0.0012864951	0.36	0	1.3889426e-05
5.3836071009277055e-09	0.9999522	-0.0033741414	0.0013844497	0.36	0	-4.2044612e-05
5.3982135566836045e-09	0.99995184	-0.0035376372	0.0013291286	0.36	0	-1.4984198e-05
5.4128198109668605e-09	0.9999522	-0.0034589367	0.0012216715	0.36	0	4.2315176e-05
5.427913050041499e-09	0.9999526	-0.0032864735	0.0012695909	0.36	0	1.3878017e-05
5.442519183473762e-09	0.9999522	-0.003362967	0.0013735902	0.36	0	-4.3393095e-05
5.457125654393839e-09	0.9999519	-0.0035245332	0.0013307414	0.36	0	-1.500721e-05
5.47173191443205e-09	0.9999523	-0.0034507283	0.0012340563	0.36	0	4.369992e-05
5.4863381195291525e-09	0.9999528	-0.0032931715	0.0012806468	0.36	0	1.6163096e-05
5.5014312892458845e-09	0.9999522	-0.0033792348	0.001378257	0.36	0	-4.481753e-05
5.516037750427268e-09	0.99995184	-0.0035394647	0.0013187361	0.36	0	-1.503022e-05
5.530644018907396e-09	0.9999523	-0.0034473366	0.0012157625	0.36	0	4.5163924e-05
5.545250228558727e-09	0.9999528	-0.003274515	0.0012743731	0.36	0	1.6224623e-05
5.559856696495034e-09	0.99995244	-0.0033598593	0.0013871044	0.36	0	-4.5499994e-05
5.5749498269060214e-09	0.99995184	-0.0035432817	0.0013341941	0.36	0	-1.5053357e-05
5.589556081149416e-09	0.9999522	-0.0034594703	0.0012223494	0.36	0	4.671447e-05
5.604162270200306e-09	0.9999528	-0.0032844045	0.0012697798	0.36	0	1.6288835e-05
5.618768722089727e-09	0.9999522	-0.0033641967	0.0013755698	0.36	0	-4.7094756e-05
5.6333748609432085e-09	0.9999517	-0.003535735	0.001326006	0.36	0	-1.7554958e-05
5.648468113643074e-09	0.99995244	-0.0034450723	0.0012204743	0.36	0	4.835988e-05
5.663074302349126e-09	0.9999528	-0.0032723527	0.0012820793	0.36	0	1.6355736e-05
5.677680777842183e-09	0.9999522	-0.003369696	0.001391583	0.36	0	-4.878893e-05
5.692286941024604e-09	0.9999517	-0.003554135	0.0013290095	0.36	0	-1.7667691e-05
5.706893290199535e-09	0.9999522	-0.0034612785	0.0012095872	0.36	0	4.9209313e-05
5.721986387182704e-09	0.9999528	-0.0032653671	0.0012686378	0.36	0	1.6425303e-05
5.736592878700518e-09	0.9999523	-0.0033577578	0.0013886197	0.36	0	-5.0592545e-05
5.751199020582442e-09	0.9999517	-0.003547653	0.0013351971	0.36	0	-1.7786431e-05
5.765805376266397e-09	0.9999522	-0.003459728	0.001219332	0.36	0	5.106813e-05
5.780411775377491e-09	0.9999528	-0.003271766	0.0012737685	0.36	0	1.9185238e-05
5.795504985140599e-09	0.9999522	-0.0033700764	0.0013891686	0.36	0	-5.2516923e-05
5.8101111408964806e-09	0.9999516	-0.003558024	0.001323539	0.36	0	-1.7911627e-05
5.824717491924865e-09	0.9999522	-0.0034534559	0.0012051349	0.36	0	5.3053827e-05
5.83932386740083e-09	0.99995303	-0.003253837	0.0012727366	0.36	0	1.9366576e-05
5.854417063356871e-09	0.9999523	-0.0033625478	0.001402401	0.36	0	-5.4575037e-05
5.8690232141000085e-09	0.9999516	-0.0035672549	0.0013352034	0.36	0	-1.8044537e-05
5.883629538967179e-09	0.9999522	-0.0034648392	0.0012053999	0.36	0	5.518014e-05
5.8982359192198005e-09	0.9999528	-0.003257343	0.0012658434	0.36	0	1.955978e-05
5.912842045493506e-09	0.99995244	-0.003354961	0.0013936184	0.36	0	-5.5782264e-05
5.927935258171756e-09	0.9999517	-0.0035641657	0.0013284815	0.36	0	-1.8185978e-05
5.942541610723258e-09	0.9999523	-0.0034542554	0.0012051075	0.36	0	5.7463316e-05
5.957148010254931e-09	0.9999529	-0.0032474443	0.0012766478	0.36	0	1.9765781e-05
5.971754133801973e-09	0.99995244	-0.0033612824	0.0014068702	0.36	0	-5.8144517e-05
5.9863605779690666e-09	0.9999516	-0.0035804294	0.001333265	0.36	0	-2.1399028e-05
6.00145365289427e-09	0.9999522	-0.0034605335	0.0011913042	0.36	0	5.9921855e-05
6.016060035220347e-09	0.9999529	-0.0032363553	0.0012660694	0.36	0	1.998684e-05
6.030666151157971e-09	0.99995244	-0.0033501775	0.001408573	0.36	0	-6.0691964e-05
6.045272601925533e-09	0.9999517	-0.003579318	0.0013405944	0.36	0	-2.169547e-05
6.059878845427542e-09	0.9999522	-0.0034709678	0.0011984722	0.36	0	6.146597e-05
6.074972098323666e-09	0.99995303	-0.0032380167	0.0012714833	0.36	0	2.0224192e-05
6.089578224250106e-09	0.99995244	-0.0033596065	0.00140913	0.36	0	-6.344827e-05
6.1041846834714405e-09	0.9999516	-0.0035896644	0.0013303151	0.36	0	-2.2014709e-05
6.1187909261253155e-09	0.9999522	-0.0034646548	0.0011852529	0.36	0	6.4327265e-05
6.133397173515984e-09	0.99995303	-0.003221311	0.0012658327	0.36	0	2.3872837e-05
6.148490319107022e-09	0.99995244	-0.0033538623	0.001423964	0.36	0	-6.644086e-05
6.163096757523276e-09	0.9999516	-0.0036028875	0.0013405243	0.36	0	-2.2360298e-05
6.177703003412635e-09	0.9999522	-0.003476092	0.0011817901	0.36	0	6.7439505e-05
6.192309224477286e-09	0.9999529	-0.0032202571	0.0012577964	0.36	0	2.4315568e-05
6.206915672555473e-09	0.99995244	-0.003340645	0.0014171476	0.36	0	-6.84524e-05
6.222008814039372e-09	0.9999516	-0.0036025923	0.0013360408	0.36	0	-2.2736049e-05
6.236615069960674e-09	0.9999522	-0.0034673093	0.0011809027	0.36	0	7.083805e-05
6.251221290567281e-09	0.99995303	-0.0032088843	0.0012681285	0.36	0	2.4798028e-05
6.265827759133435e-09	0.9999523	-0.0033473403	0.0014310564	0.36	0	-7.199539e-05
6.2804338871277354e-09	0.99995154	-0.0036201172	0.0013419711	0.36	0	-2.6947198e-05
6.295527126881285e-09	0.9999522	-0.0034727862	0.0011641696	0.36	0	7.456525e-05
6.31013333850695e-09	0.99995303	-0.0031925794	0.0012578194	0.36	0	2.5326499e-05
6.324739786756112e-09	0.99995244	-0.0033349127	0.0014367535	0.36	0	-7.58898e-05
6.3393459217446195e-09	0.99995154	-0.0036238031	0.0013512977	0.36	0	-2.7604729e-05
6.353952287552742e-09	0.9999522	-0.0034886866	0.0011710075	0.36	0	7.724678e-05
6.3690453972697285e-09	0.99995303	-0.0031914385	0.0012612856	0.36	0	2.5908059e-05
6.383651866917407e-09	0.99995244	-0.0033431924	0.0014378683	0.36	0	-8.0192105e-05
6.398257992669602e-09	0.99995154	-0.0036366186	0.0013404449	0.36	0	-2.833033e-05
6.412864351384844e-09	0.9999523	-0.003481118	0.0011559303	0.36	0	8.175649e-05
6.427470703764941e-09	0.9999531	-0.0031718942	0.0012562574	0.36	0	3.0871648e-05
6.44256389579916e-09	0.9999523	-0.0033382098	0.0014576218	0.36	0	-8.4970794e-05
6.457170009162859e-09	0.9999514	-0.0036576309	0.0013509134	0.36	0	-2.9136558e-05
6.471776369297647e-09	0.9999522	-0.0034950485	0.001146773	0.36	0	8.678033e-05
6.486382719113061e-09	0.9999531	-0.0031641629	0.0012449396	0.36	0	3.1856885e-05
6.501475921156985e-09	0.99995244	-0.0033319024	0.0014555245	0.36	0	-9.0311216e-05
6.516082028747306e-09	0.9999514	-0.0036609306	0.0013491029	0.36	0	-3.0037567e-05
6.530688371842331e-09	0.9999522	-0.0034877486	0.0011453349	0.36	0	9.241316e-05
6.54529473092681e-09	0.9999531	-0.0031493197	0.001256342	0.36	0	3.2962063e-05
6.5599008420336505e-09	0.9999522	-0.0033277078	0.0014684511	0.36	0	-9.460406e-05
6.574994036764283e-09	0.9999513	-0.0036896833	0.001344129	0.36	0	-3.1051906e-05
6.589600389294858e-09	0.9999522	-0.0034916904	0.001121319	0.36	0	9.877463e-05
6.604206742403132e-09	0.9999532	-0.0031213164	0.0012461084	0.36	0	3.4211163e-05
6.6188128540939066e-09	0.9999522	-0.0033120392	0.0014830128	0.36	0	-0.000101347556
6.633419314957349e-09	0.9999512	-0.003698805	0.0013664261	0.36	0	-3.757146e-05
6.648512402904176e-09	0.99995214	-0.0035014965	0.0011199219	0.36	0	0.00010601775
6.663118767141616e-09	0.9999532	-0.0031137643	0.0012451551	0.36	0	3.5634905e-05
6.677724894264555e-09	0.9999522	-0.0033171256	0.0014856659	0.36	0	-0.00010906006
6.692331363388656e-09	0.9999512	-0.0037171324	0.0013551424	0.36	0	-3.9303144e-05
6.706937577480803e-09	0.9999522	-0.0035065801	0.0011048472	0.36	0	0.00011227909
6.722030836579388e-09	0.99995345	-0.0030787298	0.0012524794	0.36	0	3.7273203e-05
6.73663696173936e-09	0.9999522	-0.0033146744	0.0015153959	0.36	0	-0.00011796897
6.75124343594585e-09	0.999951	-0.0037553627	0.0013644521	0.36	0	-4.130705e-05
6.765849657278834e-09	0.9999522	-0.0035239763	0.0010821195	0.36	0	0.000121834186
6.7804559055398295e-09	0.9999535	-0.003058576	0.0012260636	0.36	0	4.5655463e-05
6.795549053861281e-09	0.9999522	-0.0033003225	0.0015236274	0.36	0	-0.00012837884
6.810155531015383e-09	0.999951	-0.0037717056	0.0013694797	0.36	0	-4.36541e-05
6.824761752791183e-09	0.9999522	-0.0035231079	0.0010756388	0.36	0	0.00013307075
6.839367989410805e-09	0.9999535	-0.0030329647	0.0012357598	0.36	0	4.851167e-05
6.853974445362201e-09	0.9999522	-0.0032910125	0.0015429223	0.36	0	-0.00013813093
6.869067585700009e-09	0.9999508	-0.0038170086	0.0013601106	0.36	0	-4.6443114e-05
6.883673810651684e-09	0.9999522	-0.0035243363	0.001037659	0.36	0	0.00014647887
6.8982800364840275e-09	0.9999538	-0.0029788858	0.0012279946	0.36	0	5.193276e-05
6.912886479802572e-09	0.9999523	-0.0032717432	0.0015782112	0.36	0	-0.00015276567
6.927492598774291e-09	0.9999504	-0.003855727	0.0013921804	0.36	0	-5.7966343e-05
6.94258584178907e-09	0.9999522	-0.003544329	0.0010165058	0.36	0	0.00016276013
6.957192060802791e-09	0.9999538	-0.0029442168	0.001217685	0.36	0	5.610614e-05
6.9717985051610336e-09	0.9999522	-0.0032655853	0.0015948558	0.36	0	-0.00017071495
6.9864046242777125e-09	0.9999504	-0.0038984492	0.0013862461	0.36	0	-6.3100764e-05
7.001011003533192e-09	0.99995214	-0.0035636786	0.00098776	0.36	0	0.00017953785
7.016104063381488e-09	0.99995404	-0.0028778752	0.0012278009	0.36	0	6.131271e-05
7.030710506533643e-09	0.9999522	-0.0032636202	0.0016479337	0.36	0	-0.00019325502
7.0453166256562446e-09	0.99995	-0.003981845	0.0013925086	0.36	0	-6.9590824e-05
7.059922999714492e-09	0.999952	-0.003586326	0.0009302793	0.36	0	0.00020486102
7.07501605126362e-09	0.99995434	-0.0027950183	0.0012083139	0.36	0	6.7992914e-05
7.089622474299098e-09	0.9999522	-0.0032360388	0.001695431	0.36	0	-0.00022241406
7.104228576124551e-09	0.9999497	-0.004058321	0.0014090656	0.36	0	-7.805901e-05
7.1188349448611556e-09	0.99995214	-0.0036040063	0.0008869133	0.36	0	0.00023820889
7.1334412637524105e-09	0.99995464	-0.0027158523	0.0011875669	0.36	0	8.973367e-05
7.148534439923048e-09	0.9999522	-0.00323494	0.0017572363	0.36	0	-0.00026162175
7.16314054754238e-09	0.9999492	-0.004180356	0.0014002398	0.36	0	-8.9574256e-05
7.177746931263781e-09	0.99995214	-0.0036122294	0.0007951426	0.36	0	0.0002841296
7.19235325251458e-09	0.999955	-0.002558644	0.0011819354	0.36	0	0.000104714054
7.206959367119668e-09	0.9999522	-0.0031642765	0.0018627913	0.36	0	-0.00031114664
7.222052563456697e-09	0.9999484	-0.004361695	0.0014197116	0.36	0	-0.00010614848
7.2366589505449625e-09	0.999952	-0.0036525633	0.0006770609	0.36	0	0.00035140637
7.251265304273662e-09	0.99995553	-0.0023566706	0.0011601561	0.36	0	0.00012708468
7.265871423359641e-09	0.99995214	-0.0031256967	0.0019939395	0.36	0	-0.00039439887
7.280477895743774e-09	0.9999473	-0.004596552	0.0014583649	0.36	0	-0.00015381005
7.2955710165891735e-09	0.99995214	-0.003669564	0.00050122495	0.36	0	0.0004594875
7.3101773677279e-09	0.99995625	-0.0020134707	0.0011737618	0.36	0	0.00016412642
7.324783492549238e-09	0.9999516	-0.003101346	0.0022458883	0.36	0	-0.0005371029
7.339389985218037e-09	0.999945	-0.0050746477	0.0014496769	0.36	0	-0.00020857167
7.353996222004227e-09	0.9999516	-0.0037886917	0.00016047948	0.36	0	0.0006478598
7.369089482540666e-09	0.9999573	-0.001337543	0.0011977333	0.36	0	0.00023734503
7.383695610520131e-09	0.9999505	-0.0030678955	0.0027367792	0.36	0	-0.0008384331
7.398302119544805e-09	0.99993956	-0.006083835	0.0013838873	0.36	0	-0.0003339362
7.4129083930708094e-09	0.99995154	-0.0037832244	-0.0005899228	0.36	0	0.0011491693
7.42751465258021e-09	0.99995786	0.00036319278	0.0013545022	0.36	0	0.0005211522
7.442607741795823e-09	0.999945	-0.0034086634	0.0040693115	0.36	0	-0.0018944114
7.457214289017188e-09	0.99991024	-0.009861451	0.00044195238	0.36	0	-0.0009146782
7.471820629328388e-09	0.9999512	-0.001701945	-0.0034865753	0.36	0	0.004963972
7.486426717485096e-09	0.9997261	0.019841308	0.008513074	0.36	0	0.009804286
7.501032524185816e-09	0.9989838	0.025166279	0.036348876	0.36	0	0.0077100447
7.516125194694425e-09	0.99861306	-0.0075682118	0.05139658	0.36	0	0.0010888288
7.53073202810839e-09	0.99840283	-0.049386255	0.02595686	0.36	0	-0.0021602588
7.545339913433334e-09	0.99824536	-0.05296334	-0.02450373	0.36	0	-0.0005512333
7.559948126068461e-09	0.9984342	-0.008829194	-0.054073025	0.36	0	0.0012533948
7.574555023787347e-09	0.998541	0.04065991	-0.033600975	0.36	0	0.0003833691
7.589648169132204e-09	0.99859416	0.048248038	0.019260742	0.36	0	-0.00089046767
7.60425414025635e-09	0.9985033	0.00970441	0.05306342	0.36	0	-0.0002603878
7.618860883657178e-09	0.99838334	-0.037467774	0.041776728	0.36	0	0.00068424485
7.633468290166695e-09	0.9984498	-0.054412924	-0.002616767	0.36	0	0.00022047278
7.648076231850303e-09	0.99854136	-0.029478192	-0.042977683	0.36	0	-0.00055386923
7.663170143851807e-09	0.9986729	0.018292286	-0.04561462	0.36	0	-0.0001669207
7.677776528819491e-09	0.99874437	0.04733664	-0.0075085	0.36	0	0.00047155312
7.692382209032956e-09	0.9986236	0.03332312	0.038620897	0.36	0	0.00015220308
7.706988604826417e-09	0.9984653	-0.0133990375	0.052602455	0.36	0	-0.00040514633
7.721595868596453e-09	0.9983383	-0.05161662	0.02199403	0.36	0	-0.00014106669
7.73669074501249e-09	0.9984167	-0.046023507	-0.027627286	0.36	0	0.00036025568
7.75129799940794e-09	0.99856406	-0.0032200385	-0.049964055	0.36	0	0.00011459724
7.765904497603518e-09	0.9987092	0.03776865	-0.028006136	0.36	0	-0.00031986376
7.780510401977928e-09	0.9987699	0.042923797	0.018134726	0.36	0	-0.00010955713
7.795603346132511e-09	0.99864566	0.007983443	0.049371433	0.36	0	0.00029177836
7.810210051726733e-09	0.9985152	-0.035488807	0.038369875	0.36	0	9.091697e-05
7.824817809161989e-09	0.99846286	-0.051899727	-0.003768611	0.36	0	-0.00026451412
7.839425418800796e-09	0.9985205	-0.027016552	-0.04166225	0.36	0	-8.864029e-05
7.854032067679123e-09	0.9986473	0.018291054	-0.04271532	0.36	0	0.0002415118
7.869125084090103e-09	0.9987416	0.044938993	-0.0041540335	0.36	0	7.450687e-05
7.883731229372932e-09	0.99871534	0.028077766	0.03784713	0.36	0	-0.00022569337
7.898337966991266e-09	0.99858284	-0.015589769	0.047629036	0.36	0	-7.3804316e-05
7.912945434025646e-09	0.9984832	-0.047623277	0.017869623	0.36	0	0.0002086136
7.927553517640755e-09	0.9985243	-0.041301664	-0.02510617	0.36	0	7.310672e-05
7.942647411563074e-09	0.998628	-0.002122769	-0.04494378	0.36	0	-0.00019696918
7.95725364425484e-09	0.9987667	0.034161735	-0.024355572	0.36	0	-6.263683e-05
7.971859575434928e-09	0.9988245	0.03864026	0.017550712	0.36	0	0.00018374194
7.986466263715315e-09	0.99872893	0.0076465653	0.04519994	0.36	0	6.274739e-05
8.001073383516767e-09	0.99857634	-0.0328123	0.035322163	0.36	0	-0.00017195748
8.016168121700838e-09	0.99849	-0.04764876	-0.004845544	0.36	0	-5.3984968e-05
8.03077532062512e-09	0.99856037	-0.023140613	-0.038338076	0.36	0	0.00016427944
8.045381994431211e-09	0.99868214	0.017674467	-0.037417848	0.36	0	5.452822e-05
8.059987890198166e-09	0.99881846	0.03936982	-0.0036001683	0.36	0	-0.00015473457
8.074594192898238e-09	0.9988411	0.024439659	0.033355348	0.36	0	-5.50211e-05
8.089688146909306e-09	0.9987058	-0.014546476	0.041992884	0.36	0	0.00014861034
8.10429599202192e-09	0.9985805	-0.042253662	0.015635643	0.36	0	4.790682e-05
8.118903324578056e-09	0.99856615	-0.037032615	-0.022173518	0.36	0	-0.000140728
8.133509948200732e-09	0.9986488	-0.0037381358	-0.039793503	0.36	0	-4.8639013e-05
8.148116178556458e-09	0.9987834	0.029466193	-0.022522526	0.36	0	0.00013347414
8.163209211872808e-09	0.998883	0.034055043	0.01593788	0.36	0	4.245067e-05
8.177815875654298e-09	0.99881583	0.005990376	0.04021759	0.36	0	-0.0001290946
8.192423328956203e-09	0.9986472	-0.029586453	0.031019637	0.36	0	-4.335475e-05
8.207030957269936e-09	0.9985614	-0.042021375	-0.0029509321	0.36	0	0.00012294507
8.221637585483172e-09	0.9986179	-0.02156629	-0.03242158	0.36	0	4.4166314e-05
8.236730581505264e-09	0.9987359	0.014264966	-0.03236953	0.36	0	-0.000119293676
8.251336553364406e-09	0.9989018	0.03324641	-0.0037377507	0.36	0	-3.888618e-05
8.265943187035318e-09	0.9989376	0.02157834	0.028373044	0.36	0	0.00011399302
8.28055024094044e-09	0.99879336	-0.0106075015	0.037250083	0.36	0	3.9817074e-05
8.295157788365676e-09	0.99862814	-0.036474653	0.015990583	0.36	0	-0.00010903543
8.310251502000085e-09	0.99859357	-0.033571433	-0.018195158	0.36	0	-3.503585e-05
8.32485781052199e-09	0.9986767	-0.0047624228	-0.03442967	0.36	0	0.00010630312
8.339463509576515e-09	0.9988289	0.024518074	-0.020290356	0.36	0	3.6060643e-05
8.354069861529245e-09	0.9989746	0.029566206	0.011648305	0.36	0	-0.00010195459
8.368676769789418e-09	0.99891704	0.0070086876	0.033979025	0.36	0	-3.6988036e-05
8.383771017833958e-09	0.9987275	-0.024305815	0.027820028	0.36	0	9.961249e-05
8.39837773734537e-09	0.9986289	-0.036423344	-0.00028464815	0.36	0	3.277813e-05
8.41298412014772e-09	0.99866027	-0.021043003	-0.026386565	0.36	0	-9.5776326e-05
8.427589999033986e-09	0.99877506	0.008465216	-0.029176766	0.36	0	-3.3766388e-05
8.442195935909601e-09	0.9989636	0.02769605	-0.0066359215	0.36	0	9.212908e-05
8.457289468724546e-09	0.9990131	0.020261869	0.022954423	0.36	0	2.991705e-05
8.471896800454868e-09	0.9988516	-0.007137921	0.032942083	0.36	0	-9.0325746e-05
8.486503815899792e-09	0.9986729	-0.031056514	0.016363649	0.36	0	-3.0917032e-05
8.501110115576956e-09	0.9986411	-0.031237299	-0.012330183	0.36	0	8.707099e-05
8.515716228925173e-09	0.9987206	-0.008257845	-0.0290741	0.36	0	3.1864438e-05
8.530808992728327e-09	0.99890417	0.018536473	-0.019639963	0.36	0	-8.5482854e-05
8.545415480160041e-09	0.99906963	0.025693659	0.006960381	0.36	0	-2.840233e-05
8.56002243319957e-09	0.99899393	0.00903787	0.028268205	0.36	0	8.25564e-05
8.57462965273975e-09	0.99879235	-0.017583832	0.027017778	0.36	0	2.9356497e-05
8.589236008336612e-09	0.9986717	-0.0323143	0.004717563	0.36	0	-7.974979e-05
8.604328969609597e-09	0.9986911	-0.022252034	-0.02079706	0.36	0	-2.6135447e-05
8.61893480200441e-09	0.9988245	0.0034714278	-0.026925728	0.36	0	7.850593e-05
8.633541318819728e-09	0.9990355	0.023158088	-0.009466271	0.36	0	2.7118856e-05
8.648148075229393e-09	0.9990893	0.020524992	0.016708275	0.36	0	-7.595861e-05
8.663242101873199e-09	0.9989103	-0.0027841155	0.029588317	0.36	0	-2.4096773e-05
8.677848593806281e-09	0.9987332	-0.025666852	0.018230125	0.36	0	7.4854055e-05
8.692454835288037e-09	0.99869496	-0.029778449	-0.0067283786	0.36	0	2.5083522e-05
8.707060510042576e-09	0.9987743	-0.0123007605	-0.024850212	0.36	0	-7.252887e-05
8.721666727871723e-09	0.99897206	0.012166241	-0.021399837	0.36	0	-2.6018839e-05
8.736760327607916e-09	0.99913937	0.023854692	0.0016647879	0.36	0	7.153569e-05
8.751367557668517e-09	0.99904454	0.012422825	0.023825329	0.36	0	2.324204e-05
8.765974149468913e-09	0.9988353	-0.012318162	0.027227458	0.36	0	-6.941249e-05
8.780580306627799e-09	0.9987108	-0.029656975	0.00916225	0.36	0	-2.417491e-05
8.795186232922922e-09	0.99873513	-0.024912164	-0.015390981	0.36	0	6.7349494e-05
8.810279151605612e-09	0.99889475	-0.00151602	-0.025988365	0.36	0	2.1570997e-05
8.824885615911968e-09	0.9991143	0.019459425	-0.013184142	0.36	0	-6.655996e-05
8.839492679441907e-09	0.99915403	0.021505104	0.011496566	0.36	0	-2.2498267e-05
8.854099680314038e-09	0.99897105	0.003107465	0.027569	0.36	0	6.466485e-05
8.868705818043748e-09	0.99879056	-0.020723118	0.02203765	0.36	0	2.3379034e-05
8.883798570567502e-09	0.99873674	-0.030299626	-0.0014539016	0.36	0	-6.394607e-05
8.898404522358366e-09	0.9988301	-0.016939178	-0.02240462	0.36	0	-2.0963489e-05
8.913011078458885e-09	0.9990404	0.007853668	-0.023770288	0.36	0	6.219213e-05
8.927617853316224e-09	0.9991908	0.023487443	-0.0040515093	0.36	0	2.184239e-05
8.94222494387002e-09	0.9990955	0.016668094	0.02021058	0.36	0	-6.0484297e-05
8.95731817755509e-09	0.9988836	-0.007945131	0.028549744	0.36	0	-1.9538355e-05
8.971924177385982e-09	0.9987633	-0.028155193	0.013621346	0.36	0	5.991426e-05
8.98652983001642e-09	0.99879867	-0.027693367	-0.011635882	0.36	0	2.0425194e-05
9.001136291710219e-09	0.99896413	-0.007125387	-0.026330825	0.36	0	-5.8325008e-05
9.01574313630174e-09	0.9991729	0.016634542	-0.018057719	0.36	0	-2.125874e-05
9.030837215532762e-09	0.9991965	0.023912737	0.00737722	0.36	0	5.780514e-05
9.045443671309191e-09	0.9990121	0.0077907993	0.027337238	0.36	0	1.9102185e-05
9.060049843592821e-09	0.9988317	-0.01816795	0.025712935	0.36	0	-5.6327306e-05
9.07465561028357e-09	0.998781	-0.03201468	0.0034795285	0.36	0	-1.994128e-05
9.089261661516397e-09	0.9988936	-0.021709144	-0.02097027	0.36	0	5.4876695e-05
9.104355323350945e-09	0.9991059	0.0050200038	-0.026590085	0.36	0	1.7886925e-05
9.118962601463567e-09	0.99923754	0.024073515	-0.008058153	0.36	0	-5.4467524e-05
9.133569388257262e-09	0.9991409	0.020171532	0.018431325	0.36	0	-1.8709005e-05
9.148175528737992e-09	0.99894	-0.0035762622	0.030701876	0.36	0	5.311426e-05
9.162781568074985e-09	0.9988195	-0.027454065	0.018443484	0.36	0	1.9504761e-05
9.177874448627329e-09	0.99886304	-0.031061824	-0.009358431	0.36	0	-5.2731128e-05
9.192481096684096e-09	0.9990299	-0.010815794	-0.027879175	0.36	0	-1.7571856e-05
9.20708817565428e-09	0.99921435	0.01607955	-0.021884706	0.36	0	5.1465664e-05
9.221695387959078e-09	0.9992296	0.026898058	0.0039688465	0.36	0	1.8351864e-05
9.236301664763459e-09	0.99905807	0.011993637	0.02785054	0.36	0	-5.0219416e-05
9.25139454243308e-09	0.99887717	-0.017196238	0.028991356	0.36	0	-1.649986e-05
9.26600038631605e-09	0.99884665	-0.033985205	0.0061301277	0.36	0	4.992113e-05
9.28060699246325e-09	0.9989712	-0.024868736	-0.021088544	0.36	0	1.728486e-05
9.2952139039051e-09	0.9991546	0.0024058917	-0.029573027	0.36	0	-4.875039e-05
9.310308037445605e-09	0.9992734	0.025401756	-0.011004604	0.36	0	-1.549551e-05
9.324914489452574e-09	0.9991772	0.023381857	0.018007228	0.36	0	4.8474583e-05
9.33952062826406e-09	0.9989822	-0.0014780982	0.033180803	0.36	0	1.627392e-05
9.354126268219163e-09	0.9988713	-0.02847142	0.021427205	0.36	0	-4.7370177e-05
9.368732595189928e-09	0.99892384	-0.03436966	-0.0077252192	0.36	0	-1.7024002e-05
9.383826340270946e-09	0.99908566	-0.012767616	-0.029915487	0.36	0	4.7110083e-05
9.398433682698851e-09	0.999245	0.016723132	-0.024577323	0.36	0	1.5326821e-05
9.41304027099419e-09	0.99926174	0.029232731	0.0029678736	0.36	0	-4.607309e-05
9.42764648686456e-09	0.9991006	0.013983108	0.029224684	0.36	0	-1.606752e-05
9.44225240051319e-09	0.9989374	-0.016206486	0.031847063	0.36	0	4.5043744e-05
9.457345374769452e-09	0.99892205	-0.03589573	0.007481495	0.36	0	1.4441682e-05
9.471951947671246e-09	0.9990358	-0.027090205	-0.021985328	0.36	0	-4.48453e-05
9.486559119818866e-09	0.9991901	0.0019385775	-0.031924307	0.36	0	-1.5171999e-05
9.501166130132092e-09	0.99929416	0.026753005	-0.013514945	0.36	0	4.3876116e-05
9.515772199057923e-09	0.9992105	0.026098812	0.017797027	0.36	0	1.5877657e-05
9.530864894905695e-09	0.99902344	-0.001056142	0.035311896	0.36	0	-4.368639e-05
9.545470877271322e-09	0.9989333	-0.029987743	0.022849102	0.36	0	-1.4330514e-05
9.560077501617084e-09	0.9989951	-0.036158454	-0.008152133	0.36	0	4.2767337e-05
9.574684455201632e-09	0.99912775	-0.014282518	-0.031248711	0.36	0	1.5028723e-05
9.589291713731762e-09	0.99926835	0.01681935	-0.026594846	0.36	0	-4.1857376e-05
9.604385015951364e-09	0.99929315	0.030751348	0.0030355253	0.36	0	-1.352394e-05
9.618991024985846e-09	0.9991396	0.014823529	0.0305993	0.36	0	4.1719395e-05
9.633596729037766e-09	0.9989975	-0.016835028	0.033275284	0.36	0	1.4225054e-05
9.648203190267792e-09	0.9989876	-0.037263915	0.008669843	0.36	0	-4.0853614e-05
9.662810123857751e-09	0.99907744	-0.028754093	-0.022460354	0.36	0	-1.4893638e-05
9.677904245606621e-09	0.9992118	0.0026538363	-0.033281617	0.36	0	4.072371e-05
9.692510780764399e-09	0.99931175	0.028213734	-0.013580421	0.36	0	1.3455459e-05
9.707117018506869e-09	0.9992403	0.026738675	0.018951884	0.36	0	-3.9903098e-05
9.721722742040264e-09	0.99908054	-0.00062382454	0.036304656	0.36	0	-1.4125371e-05
9.736328730799078e-09	0.9990092	-0.03036925	0.023735281	0.36	0	3.9084414e-05
9.751422330797448e-09	0.99906	-0.03664375	-0.009029677	0.36	0	1.27352705e-05
9.766029656084623e-09	0.9991596	-0.013900397	-0.032174166	0.36	0	-3.8996524e-05
9.780636478307981e-09	0.99928826	0.017717801	-0.026763655	0.36	0	-1.3390754e-05
9.795242674948834e-09	0.99931616	0.03144732	0.002703128	0.36	0	3.821993e-05
9.809848693373002e-09	0.99918145	0.015443224	0.03098927	0.36	0	1.4031661e-05
9.824941529222281e-09	0.99906	-0.017922217	0.033408474	0.36	0	-3.813125e-05
9.839548107524143e-09	0.9990484	-0.037913933	0.0077598407	0.36	0	-1.27002695e-05
9.854155163375824e-09	0.9991146	-0.028174859	-0.02344589	0.36	0	3.7393045e-05
9.868762416095773e-09	0.99922705	0.002699998	-0.033431005	0.36	0	1.3328124e-05
9.883368708911273e-09	0.99933165	0.028146481	-0.013608299	0.36	0	-3.6656187e-05
9.898461599961005e-09	0.9992745	0.026023313	0.019807262	0.36	0	-1.2035098e-05
9.913067460771081e-09	0.9991421	-0.0016157078	0.036177967	0.36	0	3.660282e-05
9.927673960068954e-09	0.99908227	-0.030714506	0.022804251	0.36	0	1.2665829e-05
9.942280730798125e-09	0.99910086	-0.0364155	-0.008835455	0.36	0	-3.589992e-05
9.95688790645686e-09	0.9991734	-0.013936146	-0.031843413	0.36	0	-1.3269915e-05
9.971981291843186e-09	0.9993005	0.01833283	-0.025774611	0.36	0	3.584879e-05
9.9865875088221e-09	0.99933213	0.030920066	0.0038408544	0.36	0	1.2026079e-05
1.0001193226515086e-08	0.9992265	0.014069014	0.031086326	0.36	0	-3.5176614e-05
1.0015799461856119e-08	0.999131	-0.017711796	0.0326661	0.36	0	-1.2633428e-05
1.0030893081439168e-08	0.9991056	-0.037141763	0.0064385887	0.36	0	3.5124067e-05
1.0045500373091867e-08	0.9991438	-0.026595991	-0.023503715	0.36	0	1.14172835e-05
1.0060107018039636e-08	0.9992457	0.0034737955	-0.03212474	0.36	0	-3.4484965e-05
1.0074713304552285e-08	0.9993497	0.027403869	-0.0121947685	0.36	0	-1.2016503e-05
1.0089319228213535e-08	0.99931186	0.025076766	0.01905256	0.36	0	3.384276e-05
1.0104412156604105e-08	0.9992055	-0.0025494187	0.034958117	0.36	0	1.08388485e-05
1.0119018598752624e-08	0.99913996	-0.030250415	0.021237988	0.36	0	-3.381858e-05
1.0133625702348908e-08	0.99912715	-0.034833014	-0.009374725	0.36	0	-1.1431156e-05
1.0148232670152272e-08	0.99918836	-0.012529667	-0.030722454	0.36	0	3.32069e-05
1.0162838855851268e-08	0.9993091	0.017290037	-0.024548888	0.36	0	1.2006829e-05
1.017793169795247e-08	0.9993561	0.029054655	0.0046698935	0.36	0	-3.3180168e-05
1.0192537746917718e-08	0.99928474	0.012315247	0.029914316	0.36	0	-1.0871559e-05
1.020714423215944e-08	0.9992008	-0.017556662	0.030543378	0.36	0	3.2593398e-05
1.0221751012455696e-08	0.9991495	-0.035038747	0.006452347	0.36	0	1.1442673e-05
1.0236358136285728e-08	0.99915963	-0.025522962	-0.021755459	0.36	0	-3.2006206e-05
1.0251451502517427e-08	0.9992592	0.0035515393	-0.029960927	0.36	0	-1.0328979e-05
1.0266057607862834e-08	0.99936134	0.025716068	-0.010825467	0.36	0	3.2005148e-05
1.0280663377980743e-08	0.9993501	0.02300892	0.018402718	0.36	0	1.0900621e-05
1.0295269864924019e-08	0.9992717	-0.0021580886	0.032730624	0.36	0	-3.1440853e-05
1.0309876570086654e-08	0.9991879	-0.028130572	0.020226605	0.36	0	-1.1451116e-05
1.0324970486171787e-08	0.9991501	-0.03236129	-0.009075883	0.36	0	3.1437925e-05
1.0339576924803955e-08	0.9992061	-0.011424304	-0.02839821	0.36	0	1.0376081e-05
1.035418325624523e-08	0.9993238	0.015850788	-0.02230093	0.36	0	-3.0897896e-05
1.036878912192193e-08	0.99938846	0.026449496	0.003634905	0.36	0	-1.0926084e-05
1.0383395253011892e-08	0.9993492	0.011806421	0.027153065	0.36	0	3.0354035e-05
1.0398488783665167e-08	0.9992573	-0.016324263	0.028126528	0.36	0	9.877377e-06
1.0413095902421711e-08	0.99917424	-0.0324167	0.006041785	0.36	0	-3.037323e-05
1.0427702602516813e-08	0.9991716	-0.023782527	-0.01978792	0.36	0	-1.0418148e-05
1.0442308869491087e-08	0.9992658	0.0019594796	-0.02749213	0.36	0	2.9852585e-05
1.0456915025611851e-08	0.999375	0.022779694	-0.01072195	0.36	0	1.0948077e-05
1.0472007931292671e-08	0.9994007	0.020692613	0.016705161	0.36	0	-2.9865965e-05
1.0486614328413541e-08	0.9993327	-0.002022371	0.029783126	0.36	0	-9.934796e-06
1.0501221131763906e-08	0.9992262	-0.025483398	0.018688276	0.36	0	2.9366583e-05
1.051582809334738e-08	0.9991708	-0.029941568	-0.0067659924	0.36	0	1.0456961e-05
1.0530434315897363e-08	0.9992187	-0.012102753	-0.025037916	0.36	0	-2.8863697e-05
1.0545527269270064e-08	0.999338	0.013346388	-0.020415232	0.36	0	-9.4654315e-06
1.0560133240283088e-08	0.99942476	0.02359215	0.0026217354	0.36	0	2.8896487e-05
1.0574739756714434e-08	0.9994065	0.011102457	0.024193518	0.36	0	9.987966e-06
1.0589346313132162e-08	0.9993007	-0.013460265	0.026205914	0.36	0	-2.841318e-05
1.06039532041483e-08	0.9991933	-0.029241988	0.007294616	0.36	0	-1.0493324e-05
1.061904643899398e-08	0.9991873	-0.02241781	-0.01695231	0.36	0	2.844262e-05
1.063365263394959e-08	0.9992796	0.00037832843	-0.02467809	0.36	0	9.532017e-06
1.064825841055337e-08	0.9994032	0.019499512	-0.010511158	0.36	0	-2.7977085e-05
1.0662864728979304e-08	0.9994585	0.019173905	0.013252698	0.36	0	-1.00381985e-05
1.0677471394674677e-08	0.999387	9.616762e-05	0.026577244	0.36	0	2.7508559e-05
1.0692565114458959e-08	0.9992525	-0.022145826	0.018031856	0.36	0	9.093168e-06
1.0707171441613256e-08	0.9991857	-0.027674578	-0.0043724547	0.36	0	-2.7555423e-05
1.0721777628610738e-08	0.99923074	-0.012870038	-0.021765793	0.36	0	-9.594775e-06
1.073638357233748e-08	0.9993508	0.009628074	-0.019696238	0.36	0	2.7103817e-05
1.0751476608769254e-08	0.9994683	0.020977205	0.0007106676	0.36	0	8.672249e-06
1.0766082973085277e-08	0.9994579	0.011174548	0.02087389	0.36	0	-2.7145037e-05
1.0780689813330634e-08	0.9993302	-0.010684674	0.024345284	0.36	0	-9.168428e-06
1.0795296417280796e-08	0.99921286	-0.02611706	0.008600868	0.36	0	2.6711781e-05
1.0809902474803988e-08	0.99920434	-0.022356974	-0.0129253045	0.36	0	9.653327e-06
1.0824995309939842e-08	0.9992976	-0.0022424913	-0.02232352	0.36	0	-2.6747517e-05
1.0839601489109148e-08	0.9994407	0.016113324	-0.011411137	0.36	0	-8.757713e-06
1.0854207992286732e-08	0.9995102	0.018148424	0.009944558	0.36	0	2.6329873e-05
1.0868814610434086e-08	0.9994216	0.0022957856	0.023861231	0.36	0	9.2382425e-06
1.088342148263437e-08	0.9992736	-0.01825641	0.018879088	0.36	0	-2.5908428e-05
1.0898514570361336e-08	0.9991999	-0.026186218	-0.0013755792	0.36	0	-8.356499e-06
1.0913120563833953e-08	0.9992461	-0.0144444015	-0.018764544	0.36	0	2.595973e-05
1.0927726430349332e-08	0.9993792	0.006330516	-0.019302322	0.36	0	8.83744e-06
1.0942332972418933e-08	0.9995157	0.018753245	-0.00265433	0.36	0	-2.5552725e-05
1.0956939546538608e-08	0.9995031	0.012697639	0.017082242	0.36	0	-9.3028775e-06
1.0972033204485626e-08	0.9993535	-0.0073436704	0.023363685	0.36	0	2.559986e-05
1.0986639404068493e-08	0.99923295	-0.023488179	0.010870592	0.36	0	8.446235e-06
1.1001245610672995e-08	0.9992208	-0.022873787	-0.009463072	0.36	0	-2.5207795e-05
1.101585146153705e-08	0.9993157	-0.006115043	-0.020855354	0.36	0	-8.911745e-06
1.1030457697232903e-08	0.9994778	0.012858776	-0.013776083	0.36	0	2.4810552e-05
1.1045551185952347e-08	0.99955136	0.018165503	0.0065973713	0.36	0	8.070428e-06
1.1060158132981827e-08	0.9994445	0.0049753543	0.021937748	0.36	0	-2.4871899e-05
1.1074764466816327e-08	0.9992909	-0.01525745	0.020012865	0.36	0	-8.529809e-06
1.1089370489564926e-08	0.9992197	-0.025497826	0.0025496632	0.36	0	2.448911e-05
1.1103976556952441e-08	0.99926597	-0.017255856	-0.015938262	0.36	0	8.981054e-06
1.111906958686947e-08	0.99941885	0.003079922	-0.019883774	0.36	0	-2.4543799e-05
1.113367605303246e-08	0.9995623	0.017457798	-0.005718168	0.36	0	-8.163151e-06
1.1148282771013079e-08	0.9995308	0.014578916	0.01430199	0.36	0	2.4175375e-05
1.1162889437179136e-08	0.9993764	-0.0033467629	0.023509573	0.36	0	8.608455e-06
1.1177495370057244e-08	0.99925274	-0.0214962	0.014253133	0.36	0	-2.3801449e-05
1.1192588172042275e-08	0.99923825	-0.024326302	-0.006574084	0.36	0	-7.806079e-06
1.1207194248434889e-08	0.9993477	-0.009179883	-0.020411557	0.36	0	2.386876e-05
1.1221800902459194e-08	0.999522	0.010872495	-0.016060814	0.36	0	8.250431e-06
1.1236407530256026e-08	0.9995842	0.019044437	0.0029260365	0.36	0	-2.3508426e-05
1.1251014309231675e-08	0.99946856	0.008418069	0.020569097	0.36	0	-8.682493e-06
1.126610732905112e-08	0.99931186	-0.012857297	0.021859255	0.36	0	2.3570945e-05
1.1280713390920865e-08	0.999242	-0.025694704	0.005616835	0.36	0	7.900258e-06
1.1295319199765498e-08	0.9992947	-0.019928258	-0.014422724	0.36	0	-2.3221979e-05
1.130992571052936e-08	0.9994559	-0.00026788056	-0.0214767	0.36	0	-8.332664e-06
1.1324532471470038e-08	0.99959445	0.017001977	-0.009366641	0.36	0	2.2869093e-05
1.1339626143233277e-08	0.99954647	0.016961563	0.012530389	0.36	0	7.559448e-06
1.1354232276428979e-08	0.99939245	-0.00071349664	0.024479415	0.36	0	-2.2943397e-05
1.1368838343806113e-08	0.999272	-0.020899052	0.016985422	0.36	0	-7.989738e-06
1.1383444256036657e-08	0.99926317	-0.026394948	-0.003853318	0.36	0	2.260141e-05
1.1398537492542753e-08	0.99939024	-0.011788018	-0.020856941	0.36	0	7.231659e-06
1.1413144090904387e-08	0.9995629	0.0097878	-0.018513596	0.36	0	-2.267012e-05
1.1427751055058367e-08	0.99960536	0.02044099	0.00061901606	0.36	0	-7.656172e-06
1.144235757055457e-08	0.9994841	0.0110840425	0.020480553	0.36	0	2.2341006e-05
1.1456963495006467e-08	0.99933684	-0.010698091	0.02435756	0.36	0	8.073688e-06
1.1472056288899947e-08	0.99926454	-0.026834892	0.008028329	0.36	0	-2.240323e-05
1.1486662643910586e-08	0.99933004	-0.022505648	-0.014052918	0.36	0	-7.3344227e-06
1.150126939880178e-08	0.99949807	-0.0018560553	-0.023376603	0.36	0	2.2085036e-05
1.1515876236975338e-08	0.99961674	0.017730754	-0.011737442	0.36	0	7.746988e-06
1.1530483117580911e-08	0.9995628	0.019527739	0.011126857	0.36	0	-2.1762085e-05
1.1545576150059538e-08	0.99941194	0.0009865211	0.025975741	0.36	0	-7.0168744e-06
1.1560182113932776e-08	0.9992971	-0.021148298	0.019271096	0.36	0	2.183522e-05
1.1574788112004794e-08	0.999299	-0.02835768	-0.0027849025	0.36	0	7.431026e-06
1.1589394893024257e-08	0.9994297	-0.014438045	-0.021640157	0.36	0	-2.1522275e-05
1.1604001753541689e-08	0.9995888	0.008989033	-0.021161329	0.36	0	-7.8321e-06
1.1619095573036404e-08	0.9996152	0.022268552	-0.0006805759	0.36	0	2.1591122e-05
1.1633701790627767e-08	0.99949765	0.013088035	0.02131686	0.36	0	7.1192617e-06
1.1648307982744116e-08	0.9993571	-0.010396184	0.026473677	0.36	0	-2.1288393e-05
1.166291384762812e-08	0.9992931	-0.028176904	0.010160164	0.36	0	-7.5219436e-06
1.1677520312497319e-08	0.99936914	-0.024861721	-0.013941384	0.36	0	2.0980238e-05
1.169261407227057e-08	0.9995354	-0.0023230005	-0.025217677	0.36	0	6.8187537e-06
1.1707221253665999e-08	0.99963075	0.018922456	-0.013187408	0.36	0	-2.105926e-05
1.1721827699005286e-08	0.9995751	0.02127806	0.011307492	0.36	0	-7.21583e-06
1.1736433804675679e-08	0.9994378	0.002574535	0.027431423	0.36	0	2.0761378e-05
1.175103989422674e-08	0.9993283	-0.021437937	0.021392442	0.36	0	7.6074066e-06
1.1766133084147114e-08	0.99933887	-0.030140148	-0.002748624	0.36	0	-2.0833506e-05
1.178073987246218e-08	0.9994702	-0.015385854	-0.023119017	0.36	0	-6.921171e-06
1.179534697646345e-08	0.9996061	0.009779705	-0.022742653	0.36	0	2.0546375e-05
1.1809953860760006e-08	0.9996219	0.023878217	-0.0016946683	0.36	0	7.3069414e-06
1.1824559948168335e-08	0.9995179	0.014653114	0.02207593	0.36	0	-2.0253265e-05
1.1839652840582175e-08	0.9993822	-0.011048564	0.027936898	0.36	0	-6.632142e-06
1.1854258982886918e-08	0.99933225	-0.029637506	0.010431561	0.36	0	2.0334473e-05
1.1868865783862266e-08	0.99941635	-0.025793647	-0.014998175	0.36	0	7.0182987e-06
1.1883472640818594e-08	0.9995585	-0.0028132605	-0.026623162	0.36	0	-2.005126e-05
1.1898079662605073e-08	0.9996368	0.019746587	-0.014383309	0.36	0	-7.394203e-06
1.1913172790601001e-08	0.9995857	0.02233381	0.012210716	0.36	0	2.0127674e-05
1.1927778856845504e-08	0.9994591	0.0023665174	0.028844526	0.36	0	6.734245e-06
1.1942384661256672e-08	0.99936014	-0.022758964	0.021948121	0.36	0	-1.985231e-05
1.1956991282394742e-08	0.9993784	-0.03138378	-0.002720928	0.36	0	-7.1115255e-06
1.1971598244966008e-08	0.9994995	-0.015958115	-0.024089374	0.36	0	1.9572873e-05
1.1986692196518011e-08	0.99961483	0.011064219	-0.023274237	0.36	0	6.4564606e-06
1.2001298522712646e-08	0.9996282	0.024883647	-0.0009224895	0.36	0	-1.9658106e-05
1.2015904696592275e-08	0.9995368	0.0144706825	0.023352996	0.36	0	-6.8318404e-06
1.2030510602077884e-08	0.99941725	-0.011296934	0.02873262	0.36	0	1.938639e-05
1.204560388143425e-08	0.9993772	-0.030619938	0.009778174	0.36	0	6.1887404e-06
1.2060210578912778e-08	0.9994565	-0.025773184	-0.0162208	0.36	0	-1.946588e-05
1.2074817773379323e-08	0.99957377	-0.0017720112	-0.027300019	0.36	0	-6.559418e-06
1.2089424424680627e-08	0.9996376	0.020883925	-0.013840161	0.36	0	1.9204012e-05
1.2104030471734873e-08	0.9995987	0.02277003	0.012678424	0.36	0	6.9249236e-06
1.211912318933242e-08	0.9994836	0.0012205241	0.029589333	0.36	0	-1.9277188e-05
1.213372947022527e-08	0.9993986	-0.023981977	0.021357186	0.36	0	-6.29614e-06
1.2148336142336563e-08	0.99942297	-0.031430855	-0.00406449	0.36	0	1.9023033e-05
1.2162943104495016e-08	0.99952596	-0.014801371	-0.024864959	0.36	0	6.6581047e-06
1.2177550158769608e-08	0.9996171	0.011474022	-0.023198687	0.36	0	-1.8764295e-05
1.2192643337616701e-08	0.9996358	0.024968565	0.00039756385	0.36	0	-6.034505e-06
1.220724927511536e-08	0.9995575	0.013419816	0.024200812	0.36	0	1.8845843e-05
1.2221855215996146e-08	0.999453	-0.012552393	0.028318575	0.36	0	6.398376e-06
1.2236461958261162e-08	0.9994193	-0.030676845	0.009308945	0.36	0	-1.859424e-05
1.2251068830653224e-08	0.9994832	-0.025348982	-0.016545588	0.36	0	-6.751457e-06
1.2266162803256897e-08	0.9995804	-0.00030248731	-0.026989752	0.36	0	1.8671568e-05
1.228076916550628e-08	0.9996378	0.021386445	-0.012387166	0.36	0	6.1408255e-06
1.2295375438713966e-08	0.9996127	0.021713419	0.013908129	0.36	0	-1.8427852e-05
1.2309981269941482e-08	0.99951845	0.0004905631	0.029195234	0.36	0	-6.495412e-06
1.2324587667981449e-08	0.9994445	-0.023940165	0.020509444	0.36	0	1.8178509e-05
1.2339681374939137e-08	0.99946314	-0.03039301	-0.0053847223	0.36	0	5.8923843e-06
1.2354288592077938e-08	0.99954164	-0.013160797	-0.024766063	0.36	0	-1.8263603e-05
1.2368895104602095e-08	0.99961793	0.012242693	-0.021757862	0.36	0	-6.242265e-06
1.2383501304271715e-08	0.999643	0.024144402	0.0009897191	0.36	0	1.8022254e-05
1.2398107336874968e-08	0.9995837	0.012432809	0.023846602	0.36	0	6.58807e-06
1.2413200426137105e-08	0.99949145	-0.013648731	0.026911164	0.36	0	-1.8100816e-05
1.2427807014300497e-08	0.9994589	-0.030057948	0.0075631007	0.36	0	-5.9982854e-06
1.2442414066500488e-08	0.9995062	-0.023458734	-0.016995138	0.36	0	1.7867496e-05
1.2457020976719331e-08	0.9995815	0.00020789588	-0.02570712	0.36	0	6.3393964e-06
1.247162711440537e-08	0.9996403	0.0204811	-0.011222686	0.36	0	-1.7628548e-05
1.2486720022189285e-08	0.9996316	0.019745287	0.014549585	0.36	0	-5.757437e-06
1.250132612082213e-08	0.9995549	-0.0010737204	0.027919242	0.36	0	1.7714327e-05
1.2515932730695155e-08	0.99948806	-0.023674585	0.018477207	0.36	0	6.099519e-06
1.2530539506537268e-08	0.99949	-0.02876633	-0.005477833	0.36	0	-1.74828e-05
1.2545146541896102e-08	0.99954605	-0.012183013	-0.023453211	0.36	0	-6.4328597e-06
1.2560239760098682e-08	0.99961674	0.012368683	-0.019627355	0.36	0	1.7564109e-05
1.2574845884234479e-08	0.99965113	0.022407513	0.0023270277	0.36	0	5.862054e-06
1.2589451696194962e-08	0.99961233	0.010292515	0.023109341	0.36	0	-1.7338733e-05
1.2604058167657867e-08	0.9995348	-0.01337511	0.02499125	0.36	0	-6.1969577e-06
1.2618664919992945e-08	0.99949473	-0.02818954	0.006703504	0.36	0	1.710894e-05
1.2633758798840088e-08	0.9995224	-0.02109819	-0.016486147	0.36	0	5.629939e-06
1.264836517042001e-08	0.9995835	0.0010072702	-0.023446148	0.36	0	-1.719721e-05
1.2662971420740073e-08	0.99964523	0.018988738	-0.009268955	0.36	0	-5.962914e-06
1.2677577293719792e-08	0.99965465	0.01773858	0.0136677185	0.36	0	1.6973572e-05
1.2692183367605868e-08	0.99959534	-0.0014321274	0.025736736	0.36	0	6.2906834e-06
1.2707276874058784e-08	0.9995243	-0.022530625	0.016280958	0.36	0	-1.7056265e-05
1.272188397631649e-08	0.9995091	-0.026291894	-0.005795114	0.36	0	-5.734863e-06
1.2736490644533684e-08	0.99955016	-0.010517701	-0.021526074	0.36	0	1.6840346e-05
1.2751096842342835e-08	0.9996153	0.010998369	-0.017603584	0.36	0	6.059795e-06
1.2766189671123377e-08	0.9996662	0.019815715	0.0030576675	0.36	0	-1.6917593e-05
1.2780795959793717e-08	0.99964684	0.008239496	0.021331374	0.36	0	-5.5124056e-06
1.2795402458872946e-08	0.99957496	-0.012943884	0.022288626	0.36	0	1.6707618e-05
1.281000921787975e-08	0.999523	-0.025655322	0.0055326014	0.36	0	5.835417e-06
1.282461616225517e-08	0.9995299	-0.019345863	-0.014477459	0.36	0	-1.6493019e-05
1.2839709363232443e-08	0.999584	0.0009716249	-0.020689355	0.36	0	-5.2918294e-06
1.285431531353008e-08	0.99965185	0.016705558	-0.0077069607	0.36	0	1.6576938e-05
1.2868921282336717e-08	0.9996803	0.015182944	0.012648039	0.36	0	5.615982e-06
1.2883527883350292e-08	0.999632	-0.0020258666	0.022997664	0.36	0	-1.6368007e-05
1.2898134530446722e-08	0.9995557	-0.020079393	0.014819455	0.36	0	-5.9317777e-06
1.2913228361913827e-08	0.9995239	-0.023441827	-0.005215743	0.36	0	1.6447713e-05
1.292783472511301e-08	0.9995541	-0.00943611	-0.018786944	0.36	0	5.398396e-06
1.2942440989878856e-08	0.99961954	0.009252371	-0.015159577	0.36	0	-1.6245078e-05
1.2957046844730035e-08	0.999686	0.0168565	0.0022061847	0.36	0	-5.7150432e-06
1.2971653208669154e-08	0.99968386	0.007348925	0.01839515	0.36	0	1.6037035e-05
1.2986746725144914e-08	0.999608	-0.011534465	0.019625215	0.36	0	5.1874827e-06
1.3001353715063456e-08	0.9995405	-0.022700423	0.005162043	0.36	0	-1.6123087e-05
1.3015960103733173e-08	0.9995348	-0.017436817	-0.0122296605	0.36	0	-5.500803e-06
1.3030566308705864e-08	0.9995832	-0.00050569157	-0.017914586	0.36	0	1.5921367e-05
1.304517238226361e-08	0.9996615	0.013581634	-0.0073509743	0.36	0	5.810231e-06
1.3060265471247354e-08	0.9997107	0.012798527	0.010739249	0.36	0	-1.6001703e-05
1.3074871914260898e-08	0.99966604	-0.0017481939	0.019916672	0.36	0	-5.2930445e-06
1.3089478769340525e-08	0.9995795	-0.01730349	0.013320732	0.36	0	1.580632e-05
1.3104085503733986e-08	0.9995354	-0.020873807	-0.0030903935	0.36	0	5.5992127e-06
1.3118691604422006e-08	0.9995559	-0.009832512	-0.015441578	0.36	0	-1.5605614e-05
1.3133784559702872e-08	0.9996276	0.006696817	-0.01327535	0.36	0	-5.087749e-06
1.3148390743590246e-08	0.99970996	0.013935083	0.0011561725	0.36	0	1.5691985e-05
1.3162997301412154e-08	0.9997162	0.006634303	0.015383033	0.36	0	5.3942763e-06
1.3177603910229035e-08	0.9996352	-0.008882168	0.017556978	0.36	0	-1.5497259e-05
1.3192210787298418e-08	0.99955446	-0.019522754	0.006171221	0.36	0	-5.694013e-06
1.3207303952874784e-08	0.9995403	-0.016139543	-0.009387584	0.36	0	1.5579282e-05
1.322191008282427e-08	0.9995887	-0.0021406726	-0.015206861	0.36	0	5.1914494e-06
1.3236515953596783e-08	0.9996807	0.010395637	-0.0072138025	0.36	0	-1.5389596e-05
1.3251122479636344e-08	0.9997422	0.011224914	0.0076234355	0.36	0	-5.4920206e-06
1.3265729110717676e-08	0.9996966	1.37914785e-05	0.016861793	0.36	0	1.5195552e-05
1.3280822819642363e-08	0.99959624	-0.0141392425	0.012713973	0.36	0	4.9923556e-06
1.3295429070837592e-08	0.999543	-0.01869224	-0.00081834657	0.36	0	-1.5283344e-05
1.331003531808828e-08	0.9995596	-0.0105342865	-0.01234759	0.36	0	-5.2917744e-06
1.332464126391396e-08	0.9996371	0.003345175	-0.012417727	0.36	0	1.5094304e-05
1.3339247431233144e-08	0.9997344	0.011383659	-0.0011358402	0.36	0	5.586435e-06
1.3354340878173522e-08	0.99974364	0.0067355814	0.012268172	0.36	0	-1.5177153e-05
1.3368947795933086e-08	0.99965304	-0.0062590674	0.015865372	0.36	0	-5.095646e-06
1.3383554245419728e-08	0.99956584	-0.01664999	0.007420045	0.36	0	1.49942025e-05
1.3398160359568105e-08	0.99954665	-0.015930198	-0.0058623985	0.36	0	5.3886947e-06
1.3412766540252022e-08	0.99959636	-0.004974797	-0.0130556645	0.36	0	-1.4805727e-05
1.3427859557498348e-08	0.9997042	0.0073406617	-0.008026655	0.36	0	-4.9041005e-06
1.3442466037185703e-08	0.9997695	0.010275517	0.004650831	0.36	0	1.4894089e-05
1.3457072725551402e-08	0.9997157	0.001964393	0.01440915	0.36	0	5.195262e-06
1.3471679521614422e-08	0.9996103	-0.010739212	0.01327094	0.36	0	-1.4711594e-05
1.3486772631748263e-08	0.9995497	-0.017314397	0.0018700671	0.36	0	-4.713799e-06
1.3501378595126053e-08	0.9995675	-0.011954528	-0.009667461	0.36	0	1.4795022e-05
1.3515984617814036e-08	0.99965626	0.0003759718	-0.0120813	0.36	0	5.0058925e-06
1.353059121165817e-08	0.99976146	0.009447717	-0.0034317924	0.36	0	-1.46172615e-05
1.354519773653571e-08	0.9997667	0.007902217	0.009030494	0.36	0	-5.291141e-06
1.3560291302178796e-08	0.9996662	-0.0033407796	0.015028012	0.36	0	1.4696628e-05
1.3574897534162486e-08	0.999576	-0.014364798	0.009389667	0.36	0	4.818149e-06
1.3589503733019857e-08	0.99955446	-0.01635098	-0.002878805	0.36	0	-1.45239055e-05
1.3604109597574107e-08	0.9996111	-0.007668648	-0.011747405	0.36	0	-5.1041907e-06
1.361871602693646e-08	0.9997249	0.0045540594	-0.00984592	0.36	0	1.4346201e-05
1.3633809512667509e-08	0.9997905	0.010244152	0.0017631801	0.36	0	4.635026e-06
1.3648416408761512e-08	0.99972814	0.004275039	0.01273759	0.36	0	-1.4431114e-05
1.3663022662251441e-08	0.99962014	-0.008127029	0.01424128	0.36	0	-4.9185137e-06
1.3677628858652395e-08	0.9995599	-0.016628845	0.005045425	0.36	0	1.4258522e-05
1.3692234928118379e-08	0.9995796	-0.014167167	-0.007301296	0.36	0	5.198466e-06
1.3707328094714144e-08	0.99967974	-0.0023812756	-0.012574279	0.36	0	-1.4338302e-05
1.3721934527764848e-08	0.9997846	0.008351142	-0.0060025956	0.36	0	-4.737728e-06
1.3736541359060226e-08	0.99977994	0.0094583165	0.0066992617	0.36	0	1.4171041e-05
1.3751147979855784e-08	0.99967915	-0.00015338771	0.015020739	0.36	0	5.015096e-06
1.3765754008795995e-08	0.9995868	-0.012654418	0.012005272	0.36	0	-1.3998659e-05
1.3780846929563419e-08	0.99956524	-0.017516552	-0.00046071297	0.36	0	-4.5590987e-06
1.3795453218293757e-08	0.9996313	-0.0102374535	-0.011343924	0.36	0	1.4083605e-05
1.3810059826006248e-08	0.99974823	0.0028512846	-0.0117300255	0.36	0	4.836494e-06
1.3824666446709274e-08	0.9998053	0.010832699	-0.0011567179	0.36	0	-1.3916334e-05
1.3839273290271468e-08	0.9997404	0.006958497	0.011571459	0.36	0	-5.108326e-06
1.3854366403114185e-08	0.99963015	-0.006127795	0.015752783	0.36	0	1.39971835e-05
1.3868972490139818e-08	0.999572	-0.016772863	0.0075530894	0.36	0	4.6595483e-06
1.3883578443455947e-08	0.99959743	-0.016337072	-0.0060500344	0.36	0	-1.3834057e-05
1.3898185082675593e-08	0.99969876	-0.005013302	-0.013704309	0.36	0	-4.931947e-06
1.3912791754773027e-08	0.9997984	0.007880278	-0.008788368	0.36	0	1.3666833e-05
1.3927885434083877e-08	0.9997867	0.011360338	0.005231956	0.36	0	4.485008e-06
1.394249164487776e-08	0.9996867	0.0020198568	0.015765391	0.36	0	-1.3752651e-05
1.3957097916874437e-08	0.99959743	-0.012104403	0.0142073035	0.36	0	-4.7568246e-06
1.3971703872816469e-08	0.99958116	-0.0190223	0.0016779753	0.36	0	1.3589515e-05
1.3986310159743525e-08	0.99965143	-0.012779498	-0.011372709	0.36	0	5.024397e-06
1.4001403674170047e-08	0.9997675	0.0019363253	-0.013693427	0.36	0	-1.3670913e-05
1.401601059257203e-08	0.99981356	0.011931929	-0.0030186744	0.36	0	-4.584665e-06
1.4030616979337841e-08	0.99974644	0.0090959985	0.011471291	0.36	0	1.351288e-05
1.4045223041624457e-08	0.9996432	-0.004435599	0.017560706	0.36	0	4.8512725e-06
1.405982918359646e-08	0.999587	-0.017353987	0.009925295	0.36	0	-1.3349623e-05
1.4074922244530605e-08	0.99961835	-0.01837204	-0.0057047457	0.36	0	-4.4166522e-06
1.4089528756164746e-08	0.9997195	-0.006335766	-0.015168394	0.36	0	1.3435744e-05
1.410413549926922e-08	0.99980754	0.008383295	-0.010679717	0.36	0	4.6814e-06
1.411874223894564e-08	0.999793	0.013230636	0.004110253	0.36	0	-1.3277606e-05
1.4133835314206642e-08	0.9996951	0.0034270813	0.016906818	0.36	0	-4.2491956e-06
1.41484412258164e-08	0.99961233	-0.012242155	0.016014786	0.36	0	1.3359113e-05
1.4163047280052228e-08	0.99960285	-0.02055413	0.0025612311	0.36	0	4.515068e-06
1.4177653910639765e-08	0.999674	-0.014347078	-0.012166377	0.36	0	-1.3204971e-05
1.4192260482388078e-08	0.9997767	0.0012700337	-0.015594391	0.36	0	-4.7748413e-06
1.4207354097258818e-08	0.9998159	0.013315987	-0.004070958	0.36	0	1.3282811e-05
1.422196035485405e-08	0.99975073	0.010684266	0.012057046	0.36	0	4.3494238e-06
1.4236566519536288e-08	0.99965465	-0.004112036	0.01917786	0.36	0	-1.313289e-05
1.4251172342345657e-08	0.9996056	-0.018507307	0.011055771	0.36	0	-4.6102637e-06
1.4265778808720365e-08	0.9996392	-0.020069694	-0.0055371076	0.36	0	1.2978267e-05
1.4280872323536855e-08	0.999736	-0.0067941467	-0.016569147	0.36	0	4.187811e-06
1.4295479218312176e-08	0.99981165	0.009244655	-0.011843735	0.36	0	-1.306092e-05
1.4310085471667138e-08	0.9997955	0.014607058	0.0041811615	0.36	0	-4.4463604e-06
1.4324691673604346e-08	0.99970806	0.004614208	0.017878374	0.36	0	1.2910643e-05
1.4339297683055672e-08	0.99963206	-0.012368694	0.017518109	0.36	0	4.701996e-06
1.4354390841949406e-08	0.99962527	-0.021908497	0.0026635127	0.36	0	-1.2988535e-05
1.4368997319644312e-08	0.99969214	-0.01514132	-0.013237012	0.36	0	-4.286629e-06
1.4383604218910167e-08	0.99978274	0.0017717512	-0.016812522	0.36	0	1.2842859e-05
1.439821084924282e-08	0.9998157	0.014390306	-0.0048344317	0.36	0	4.53986e-06
1.4412816891493469e-08	0.99975896	0.011808651	0.012505892	0.36	0	-1.2692321e-05
1.4427909784701293e-08	0.9996699	-0.0044915597	0.020298839	0.36	0	-4.128385e-06
1.4442516011779376e-08	0.9996292	-0.019578526	0.011352412	0.36	0	1.2774733e-05
1.4457122551226463e-08	0.9996617	-0.02084805	-0.0062556667	0.36	0	4.3820405e-06
1.4471729152732073e-08	0.9997432	-0.007202241	-0.01749356	0.36	0	-1.2628511e-05
1.4486335971171e-08	0.99981046	0.009744595	-0.012681638	0.36	0	-4.6307296e-06
1.4501429047136166e-08	0.9997969	0.015447582	0.004771072	0.36	0	1.2707167e-05
1.4516035067274148e-08	0.9997193	0.004566228	0.0189067	0.36	0	4.225383e-06
1.4530640968735533e-08	0.99965274	-0.013271727	0.017999198	0.36	0	-1.2564438e-05
1.4545247527239668e-08	0.9996461	-0.02271749	0.0027449096	0.36	0	-4.4748117e-06
1.455985414254496e-08	0.99970305	-0.01557139	-0.013823745	0.36	0	1.2417801e-05
1.4574947848283488e-08	0.99978447	0.002619043	-0.017269267	0.36	0	4.070596e-06
1.4589554108428441e-08	0.9998147	0.015154956	-0.00437761	0.36	0	-1.2500912e-05
1.460416038630463e-08	0.9997669	0.011797988	0.013387953	0.36	0	-4.3193527e-06
1.4618766295258558e-08	0.999692	-0.004589238	0.02079218	0.36	0	1.2357795e-05
1.4633372556008823e-08	0.9996539	-0.019984616	0.011523895	0.36	0	4.564611e-06
1.4648466051341795e-08	0.99967855	-0.020936733	-0.007081423	0.36	0	-1.2436781e-05
1.466307302731739e-08	0.9997472	-0.006560737	-0.018016363	0.36	0	-4.1663457e-06
1.4677679480409633e-08	0.9998075	0.010540145	-0.012391072	0.36	0	1.2298145e-05
1.4692285653471628e-08	0.9998002	0.015708651	0.0050090165	0.36	0	4.4105022e-06
1.4706891787288657e-08	0.9997368	0.004451105	0.019209608	0.36	0	-1.2154593e-05
1.4721984840344826e-08	0.99967605	-0.0140946945	0.01768358	0.36	0	-4.0165455e-06
1.4736591299718875e-08	0.9996667	-0.022830257	0.0018875279	0.36	0	1.2237744e-05
1.4751198049953895e-08	0.9997126	-0.014886673	-0.014372198	0.36	0	4.2594056e-06
1.4765804822407044e-08	0.99978137	0.0028094826	-0.017174272	0.36	0	-1.20986e-05
1.4780897966133016e-08	0.9998141	0.015280329	-0.0035511858	0.36	0	-3.867094e-06
1.4795503920251426e-08	0.9997773	0.01118785	0.013962436	0.36	0	1.2177578e-05
1.4810110016965662e-08	0.9997142	-0.0053871493	0.020583028	0.36	0	4.1109156e-06
1.4824716581493102e-08	0.99967545	-0.020251293	0.01069967	0.36	0	-1.2041835e-05
1.4839323104405294e-08	0.99968797	-0.020636292	-0.007201987	0.36	0	-4.3496093e-06
1.4854416784904873e-08	0.9997478	-0.005643394	-0.017860899	0.36	0	1.2117381e-05
1.486902318681225e-08	0.999804	0.01089682	-0.011497839	0.36	0	3.9628835e-06
1.4883629459232771e-08	0.99980557	0.0150943585	0.0057915356	0.36	0	-1.1985399e-05
1.4898235358924712e-08	0.99975604	0.0034448858	0.01909777	0.36	0	-4.202268e-06
1.491284177718403e-08	0.99970174	-0.013968217	0.017106423	0.36	0	1.1848894e-05
1.4927935188738266e-08	0.99968296	-0.022221848	0.0010620814	0.36	0	3.8183325e-06
1.4942542039153654e-08	0.99971694	-0.013891195	-0.014326543	0.36	0	-1.1928649e-05
1.4957148313535863e-08	0.99977833	0.0032935645	-0.016295146	0.36	0	-4.05599e-06
1.497175461927859e-08	0.9998141	0.014661817	-0.0032236928	0.36	0	1.1795952e-05
