# t (s)	mx ()	my ()	mz ()	B_extx (T)	B_exty (T)	B_extz (T)
1e-12	0.86535794	0.50072557	0.013024491	0.31176916	0.18	0
1.598738711540373e-11	0.8653458	0.5007462	0.013038729	0.31176916	0.18	4.0329646e-06
3.0910986660660806e-11	0.86536264	0.50071687	0.013049223	0.31176916	0.18	-1.19742635e-05
4.519305578108151e-11	0.86538243	0.5006833	0.013019073	0.31176916	0.18	-4.3098894e-06
5.994717772811762e-11	0.86536556	0.5007135	0.012984416	0.31176916	0.18	1.1859856e-05
7.47853198042658e-11	0.8653356	0.50076485	0.013004375	0.31176916	0.18	4.097613e-06
8.929162215620846e-11	0.8653418	0.5007528	0.01304647	0.31176916	0.18	-1.1875841e-05
1.0408173154543567e-10	0.8653682	0.50070715	0.013048731	0.31176916	0.18	-4.261284e-06
1.1867497011960194e-10	0.8653675	0.50070906	0.013024376	0.31176916	0.18	1.1909841e-05
1.3362674902607595e-10	0.86535144	0.5007367	0.013024236	0.31176916	0.18	4.107366e-06
1.4844748651138004e-10	0.86536103	0.50071996	0.013032273	0.31176916	0.18	-1.2119974e-05
1.631643874626059e-10	0.86537534	0.500696	0.01300987	0.31176916	0.18	-3.960944e-06
1.777967447226255e-10	0.86535716	0.5007279	0.01299136	0.31176916	0.18	1.2141757e-05
1.9235760129931877e-10	0.86533266	0.5007694	0.013020691	0.31176916	0.18	4.260425e-06
2.0735747544209135e-10	0.8653475	0.50074244	0.013061872	0.31176916	0.18	-1.2254432e-05
2.2180643557153962e-10	0.865377	0.5006918	0.013049546	0.31176916	0.18	-4.229544e-06
2.367107879742583e-10	0.8653729	0.5007002	0.013009357	0.31176916	0.18	1.2279424e-05
2.510828175231983e-10	0.86535054	0.50073904	0.013005445	0.31176916	0.18	4.422861e-06
2.6591706706431246e-10	0.86535245	0.5007351	0.013024552	0.31176916	0.18	-1.22384245e-05
2.8072416882566353e-10	0.8653676	0.5007091	0.013019742	0.31176916	0.18	-4.140466e-06
2.9550838313435755e-10	0.8653557	0.50073004	0.013008682	0.31176916	0.18	1.2368624e-05
3.102730832253476e-10	0.8653375	0.50076056	0.013033513	0.31176916	0.18	3.976004e-06
3.2502036494906114e-10	0.86535484	0.5007296	0.013060132	0.31176916	0.18	-1.2462345e-05
3.392612832450563e-10	0.86538106	0.5006852	0.013035958	0.31176916	0.18	-4.5520055e-06
3.5398200000181765e-10	0.8653715	0.5007029	0.012996547	0.31176916	0.18	1.23088585e-05
3.686918474871298e-10	0.865344	0.5007506	0.013000805	0.31176916	0.18	4.546056e-06
3.8339282699557956e-10	0.86534643	0.50074565	0.013031272	0.31176916	0.18	-1.23593445e-05
3.980849628514147e-10	0.8653655	0.5007122	0.01303356	0.31176916	0.18	-4.589565e-06
4.1277009232093366e-10	0.86535984	0.50072217	0.013020442	0.31176916	0.18	1.2393686e-05
4.2793880061148174e-10	0.8653451	0.5007472	0.013032248	0.31176916	0.18	4.017082e-06
4.426134243722779e-10	0.86535937	0.50072247	0.013046292	0.31176916	0.18	-1.264705e-05
4.572835318120408e-10	0.8653799	0.5006878	0.013021166	0.31176916	0.18	-4.1245808e-06
4.719493658514425e-10	0.86536455	0.5007152	0.012991139	0.31176916	0.18	1.2666421e-05
4.866118863796602e-10	0.8653374	0.50076157	0.013009338	0.31176916	0.18	4.2549336e-06
5.012711402510298e-10	0.8653456	0.50074625	0.013045751	0.31176916	0.18	-1.267856e-05
5.159282906675785e-10	0.8653703	0.5007034	0.0130419545	0.31176916	0.18	-4.402228e-06
5.305825183620582e-10	0.8653655	0.5007122	0.013017488	0.31176916	0.18	1.2684638e-05
5.452358249363506e-10	0.8653475	0.5007435	0.013022799	0.31176916	0.18	4.5623237e-06
5.598879753574904e-10	0.86535764	0.5007259	0.013037673	0.31176916	0.18	-1.2686356e-05
5.745386269466053e-10	0.8653761	0.5006946	0.013018225	0.31176916	0.18	-4.7296176e-06
5.896757540241341e-10	0.86535925	0.5007242	0.012996271	0.31176916	0.18	1.2918158e-05
6.043234505720048e-10	0.86533535	0.50076437	0.01302111	0.31176916	0.18	4.2387605e-06
6.18970593935402e-10	0.865349	0.5007399	0.013055078	0.31176916	0.18	-1.2920182e-05
6.336167875915966e-10	0.8653764	0.5006929	0.013041061	0.31176916	0.18	-4.4206536e-06
6.482629950914465e-10	0.8653691	0.5007066	0.013007148	0.31176916	0.18	1.2919019e-05
6.629074207888349e-10	0.8653458	0.5007471	0.013012066	0.31176916	0.18	4.607126e-06
6.775521427489534e-10	0.86535263	0.5007347	0.013035087	0.31176916	0.18	-1.2914099e-05
6.92196044995642e-10	0.8653722	0.500701	0.013024649	0.31176916	0.18	-4.7972003e-06
7.073279066784907e-10	0.86535907	0.50072396	0.013003095	0.31176916	0.18	1.3144543e-05
7.219711758051266e-10	0.86533725	0.5007609	0.01302525	0.31176916	0.18	4.3115106e-06
7.366141882841024e-10	0.8653519	0.50073487	0.013054882	0.31176916	0.18	-1.3143632e-05
7.512576119044961e-10	0.8653789	0.500689	0.013036551	0.31176916	0.18	-4.5065835e-06
7.659011151815417e-10	0.8653695	0.5007066	0.013000798	0.31176916	0.18	1.314066e-05
7.805436250239812e-10	0.8653433	0.50075155	0.013008085	0.31176916	0.18	4.703142e-06
7.951854570499639e-10	0.86534923	0.5007404	0.013036713	0.31176916	0.18	-1.3133984e-05
8.098277867068871e-10	0.8653705	0.5007035	0.01303075	0.31176916	0.18	-4.903167e-06
8.249574064525149e-10	0.8653614	0.5007197	0.013008055	0.31176916	0.18	1.33684725e-05
8.39599947958264e-10	0.8653403	0.5007558	0.0130242035	0.31176916	0.18	4.4138947e-06
8.542414306461412e-10	0.8653535	0.50073254	0.013049927	0.31176916	0.18	-1.3367104e-05
8.688823844838417e-10	0.86537856	0.50069	0.013031836	0.31176916	0.18	-4.618476e-06
8.835240124383862e-10	0.8653676	0.50070983	0.012999196	0.31176916	0.18	1.3362493e-05
8.981655456007592e-10	0.86534137	0.5007547	0.013009902	0.31176916	0.18	4.8229563e-06
9.128071778839177e-10	0.86534834	0.50074154	0.013039914	0.31176916	0.18	-1.3355594e-05
9.279366289414076e-10	0.8653713	0.5007018	0.013034008	0.31176916	0.18	-4.326335e-06
9.425780378489617e-10	0.86536276	0.50071734	0.013011375	0.31176916	0.18	1.3596193e-05
9.572183022582364e-10	0.8653427	0.50075203	0.01302435	0.31176916	0.18	4.535073e-06
9.718594346889053e-10	0.86535543	0.5007297	0.013046198	0.31176916	0.18	-1.359399e-05
9.86500064955151e-10	0.8653783	0.5006904	0.013026576	0.31176916	0.18	-4.744682e-06
1.001139883033241e-09	0.8653651	0.50071394	0.012996543	0.31176916	0.18	1.3588626e-05
1.0157806337465929e-09	0.8653384	0.5007595	0.013012416	0.31176916	0.18	4.9569994e-06
1.030420459704384e-09	0.8653476	0.50074255	0.013045586	0.31176916	0.18	-1.3580598e-05
1.0455493627538927e-09	0.8653723	0.5007001	0.013036427	0.31176916	0.18	-4.4560243e-06
1.0601892612538617e-09	0.86536425	0.5007149	0.013012019	0.31176916	0.18	1.38275345e-05
1.0748297304215527e-09	0.865344	0.5007499	0.013023281	0.31176916	0.18	4.6708774e-06
1.0894697491638365e-09	0.8653563	0.5007281	0.013043327	0.31176916	0.18	-1.3825144e-05
1.1041102637518945e-09	0.865378	0.5006908	0.013022271	0.31176916	0.18	-4.886532e-06
1.1187508192882725e-09	0.86536264	0.50071776	0.012993913	0.31176916	0.18	1.3820314e-05
1.1333916286098777e-09	0.86533517	0.5007649	0.013015044	0.31176916	0.18	5.1019824e-06
1.148520601625956e-09	0.8653484	0.50074106	0.013052718	0.31176916	0.18	-1.4066884e-05
1.1631613853762137e-09	0.8653764	0.5006935	0.013040116	0.31176916	0.18	-4.5915426e-06
1.1778026632922848e-09	0.8653682	0.5007085	0.0130081	0.31176916	0.18	1.406839e-05
1.1924432887134794e-09	0.8653446	0.50074905	0.013015493	0.31176916	0.18	4.808486e-06
1.2070833935756734e-09	0.86535376	0.5007323	0.013038032	0.31176916	0.18	-1.4066494e-05
1.2217235505592455e-09	0.86537474	0.5006963	0.013022588	0.31176916	0.18	-5.028992e-06
1.2363641217050422e-09	0.86536056	0.5007214	0.012998746	0.31176916	0.18	1.4061812e-05
1.2510048388762966e-09	0.8653353	0.50076485	0.013021497	0.31176916	0.18	5.24903e-06
1.266132987645128e-09	0.86535084	0.5007371	0.013059249	0.31176916	0.18	-1.4315705e-05
1.2807738639273e-09	0.8653811	0.50068533	0.013040159	0.31176916	0.18	-4.731433e-06
1.295414631600233e-09	0.8653713	0.50070316	0.0129999705	0.31176916	0.18	1.4317462e-05
1.3100559410973033e-09	0.8653429	0.5007519	0.013005337	0.31176916	0.18	4.952655e-06
1.3246970366939645e-09	0.8653484	0.5007415	0.01303459	0.31176916	0.18	-1.431687e-05
1.339338068534092e-09	0.8653703	0.50070393	0.013029129	0.31176916	0.18	-5.174952e-06
1.3539785869050175e-09	0.8653604	0.5007217	0.013010132	0.31176916	0.18	1.4313042e-05
1.3691084556154698e-09	0.86533856	0.500759	0.0130291395	0.31176916	0.18	4.6454093e-06
1.3837486809132324e-09	0.86535525	0.50072956	0.013055522	0.31176916	0.18	-1.4575602e-05
1.3983888853525535e-09	0.86538285	0.5006824	0.013030896	0.31176916	0.18	-4.872702e-06
1.4130296733819133e-09	0.865369	0.50070715	0.01299153	0.31176916	0.18	1.4577616e-05
1.4276701923373356e-09	0.86533797	0.5007604	0.0130037945	0.31176916	0.18	5.099862e-06
1.4423105372982028e-09	0.8653446	0.500748	0.01304125	0.31176916	0.18	-1.4576719e-05
1.4569505413600025e-09	0.8653703	0.5007038	0.013039171	0.31176916	0.18	-5.3297226e-06
1.4715905597354659e-09	0.8653642	0.5007151	0.013016638	0.31176916	0.18	1.4572459e-05
1.4867189440969402e-09	0.8653446	0.5007488	0.013026349	0.31176916	0.18	4.7944304e-06
1.501359445056617e-09	0.8653582	0.5007248	0.013043665	0.31176916	0.18	-1.4842945e-05
1.5159989169515713e-09	0.8653801	0.5006871	0.013018805	0.31176916	0.18	-5.0273843e-06
1.530638970334961e-09	0.86536247	0.5007186	0.012989061	0.31176916	0.18	1.4844697e-05
1.5452794996732592e-09	0.86533254	0.50076944	0.013013707	0.31176916	0.18	5.260666e-06
1.559919637568999e-09	0.8653452	0.50074667	0.0130556645	0.31176916	0.18	-1.4844148e-05
1.5745599162394653e-09	0.86537665	0.50069284	0.01304593	0.31176916	0.18	-5.495482e-06
1.5896886902159075e-09	0.8653695	0.500706	0.013011347	0.31176916	0.18	1.5114412e-05
1.6043298786047515e-09	0.8653458	0.5007466	0.013015559	0.31176916	0.18	4.9486125e-06
1.6189708540698902e-09	0.86535525	0.5007299	0.013034861	0.31176916	0.18	-1.5121124e-05
1.633611890912992e-09	0.8653751	0.5006958	0.01301754	0.31176916	0.18	-5.1834495e-06
1.6482528139545508e-09	0.86535823	0.5007257	0.012996499	0.31176916	0.18	1.5124874e-05
1.6628927958807223e-09	0.8653321	0.50077	0.013025703	0.31176916	0.18	5.421434e-06
1.6775331854393625e-09	0.8653498	0.5007386	0.013063724	0.31176916	0.18	-1.5124797e-05
1.6926609449346827e-09	0.86538345	0.5006811	0.013039545	0.31176916	0.18	-4.866744e-06
1.707301118807382e-09	0.8653717	0.5007026	0.012996336	0.31176916	0.18	1.5403495e-05
1.7219408837240851e-09	0.865341	0.5007552	0.013004113	0.31176916	0.18	5.108892e-06
1.7365809287282144e-09	0.8653478	0.50074255	0.013036464	0.31176916	0.18	-1.5409703e-05
1.7512207863610512e-09	0.8653717	0.5007017	0.01302994	0.31176916	0.18	-5.3525523e-06
1.7658611568115078e-09	0.8653607	0.50072134	0.013009028	0.31176916	0.18	1.5413143e-05
1.780501156535874e-09	0.86533797	0.50076	0.013029245	0.31176916	0.18	5.596876e-06
1.795141222743417e-09	0.8653547	0.50073016	0.013056694	0.31176916	0.18	-1.5413461e-05
1.8102691258318202e-09	0.86538535	0.5006779	0.013028532	0.31176916	0.18	-5.0327535e-06
1.8249088033926483e-09	0.86536866	0.5007078	0.012986285	0.31176916	0.18	1.5701744e-05
1.8395482679763182e-09	0.86533475	0.50076616	0.013003145	0.31176916	0.18	5.2818373e-06
1.854188309977121e-09	0.8653434	0.5007503	0.01304633	0.31176916	0.18	-1.5708521e-05
1.868828702449225e-09	0.8653727	0.50069946	0.013043131	0.31176916	0.18	-5.5302835e-06
1.8834689780036868e-09	0.8653666	0.5007109	0.013014752	0.31176916	0.18	1.5712922e-05
1.898109082847901e-09	0.8653438	0.50075006	0.013022813	0.31176916	0.18	5.7803286e-06
1.9132378573865e-09	0.86535645	0.5007275	0.013044565	0.31176916	0.18	-1.6002119e-05
1.9278799590630724e-09	0.86538076	0.50068617	0.013020717	0.31176916	0.18	-5.2011624e-06
1.9425212872333296e-09	0.8653629	0.5007179	0.012989588	0.31176916	0.18	1.6015101e-05
1.9571629401205485e-09	0.86533207	0.5007707	0.013014471	0.31176916	0.18	5.4495767e-06
1.971804499290462e-09	0.8653457	0.5007459	0.01305693	0.31176916	0.18	-1.6025066e-05
1.9864457621814904e-09	0.86537844	0.5006896	0.013044931	0.31176916	0.18	-5.69987e-06
2.0010864495387962e-09	0.8653707	0.5007039	0.013007134	0.31176916	0.18	1.6031308e-05
2.0157275213833638e-09	0.8653434	0.5007508	0.013012416	0.31176916	0.18	5.9535732e-06
2.0308559596433672e-09	0.86535263	0.5007343	0.013036566	0.31176916	0.18	-1.6330785e-05
2.045496577456963e-09	0.86537534	0.5006955	0.013022135	0.31176916	0.18	-5.3666795e-06
2.0601378006248212e-09	0.8653598	0.50072306	0.012999645	0.31176916	0.18	1.634419e-05
2.074779720614447e-09	0.86533356	0.50076765	0.013025902	0.31176916	0.18	5.6208564e-06
2.089419801869412e-09	0.8653513	0.50073606	0.013060576	0.31176916	0.18	-1.6354672e-05
2.1040604218894204e-09	0.8653836	0.5006806	0.013037084	0.31176916	0.18	-5.880995e-06
2.1187010639064307e-09	0.8653707	0.500704	0.012994133	0.31176916	0.18	1.6361633e-05
2.133828905128995e-09	0.86533856	0.5007596	0.013007459	0.31176916	0.18	5.282775e-06
2.1484688878084763e-09	0.86534834	0.50074184	0.0130418	0.31176916	0.18	-1.6670761e-05
2.163109596332198e-09	0.8653748	0.5006963	0.013031311	0.31176916	0.18	-5.5458568e-06
2.1777503715029392e-09	0.8653623	0.5007185	0.0130056	0.31176916	0.18	1.6685271e-05
2.1923906371157387e-09	0.8653368	0.50076187	0.013025844	0.31176916	0.18	5.8101314e-06
2.207031633917553e-09	0.86535376	0.5007319	0.013055463	0.31176916	0.18	-1.6696551e-05
2.221672211654429e-09	0.86538416	0.50068015	0.01302969	0.31176916	0.18	-6.0752527e-06
2.236313339983836e-09	0.86536837	0.5007086	0.01298893	0.31176916	0.18	1.6704991e-05
2.2514420085626756e-09	0.86533314	0.5007688	0.013010483	0.31176916	0.18	5.463145e-06
2.266082033357189e-09	0.8653462	0.500745	0.013052371	0.31176916	0.18	-1.702595e-05
2.2807216588967167e-09	0.865378	0.50069034	0.013039736	0.31176916	0.18	-5.7347897e-06
2.2953618237402176e-09	0.8653674	0.50070965	0.013004604	0.31176916	0.18	1.7040862e-05
2.310002379527557e-09	0.8653391	0.50075823	0.013017347	0.31176916	0.18	6.00641e-06
2.324642684512048e-09	0.86535203	0.5007351	0.013047519	0.31176916	0.18	-1.7053244e-05
2.3392832338256098e-09	0.86538076	0.5006863	0.013028219	0.31176916	0.18	-6.2796917e-06
2.3544110209835938e-09	0.86536425	0.50071555	0.012991707	0.31176916	0.18	1.7374929e-05
2.3690517473548054e-09	0.8653324	0.5007699	0.013015376	0.31176916	0.18	5.6579715e-06
2.383691632683416e-09	0.8653474	0.50074273	0.013056475	0.31176916	0.18	-1.7395067e-05
2.398331784567297e-09	0.86538076	0.5006855	0.013040072	0.31176916	0.18	-5.935968e-06
2.4129722174582805e-09	0.8653695	0.5007062	0.013000455	0.31176916	0.18	1.7411987e-05
2.427612941070054e-09	0.8653387	0.50075924	0.01301195	0.31176916	0.18	6.213918e-06
2.4422533747442347e-09	0.8653498	0.5007393	0.013045082	0.31176916	0.18	-1.7426055e-05
2.456893888000044e-09	0.86537844	0.50069	0.013030302	0.31176916	0.18	-6.494275e-06
2.472022960026347e-09	0.86536455	0.5007148	0.012998075	0.31176916	0.18	1.7760873e-05
2.4866635123593874e-09	0.8653346	0.500766	0.013018253	0.31176916	0.18	5.8580226e-06
2.5013041320438004e-09	0.8653497	0.50073874	0.013054154	0.31176916	0.18	-1.7783173e-05
2.5159446954575986e-09	0.86538154	0.50068426	0.013034816	0.31176916	0.18	-6.1412766e-06
2.5305851741980738e-09	0.865368	0.50070894	0.01299684	0.31176916	0.18	1.7802171e-05
2.545226039134334e-09	0.86533636	0.5007634	0.013013068	0.31176916	0.18	6.426379e-06
2.5598669967315563e-09	0.865349	0.50074047	0.013049084	0.31176916	0.18	-1.7818453e-05
2.574995930355848e-09	0.8653795	0.50068796	0.013032421	0.31176916	0.18	-5.7753045e-06
2.589636488030641e-09	0.8653651	0.5007136	0.012998965	0.31176916	0.18	1.8166096e-05
2.6042769890479727e-09	0.865335	0.5007653	0.013018458	0.31176916	0.18	6.0642988e-06
2.6189172052221184e-09	0.8653506	0.50073755	0.013053397	0.31176916	0.18	-1.8190158e-05
2.6335580804056137e-09	0.86538225	0.50068337	0.013032606	0.31176916	0.18	-6.3555253e-06
2.6481986158828992e-09	0.8653673	0.5007103	0.012994862	0.31176916	0.18	1.821141e-05
2.6628393706802024e-09	0.8653346	0.50076646	0.013014068	0.31176916	0.18	6.648653e-06
2.6774798196837703e-09	0.8653485	0.50074106	0.013052537	0.31176916	0.18	-1.8229217e-05
2.6926077983123166e-09	0.8653811	0.5006849	0.013031341	0.31176916	0.18	-5.986766e-06
2.7072483407898257e-09	0.86536527	0.50071347	0.012995662	0.31176916	0.18	1.858991e-05
2.721888971119675e-09	0.8653334	0.50076824	0.013017398	0.31176916	0.18	6.2836402e-06
2.73653010120136e-09	0.8653496	0.5007393	0.013056025	0.31176916	0.18	-1.8616916e-05
2.751170827923803e-09	0.86538357	0.5006812	0.013035043	0.31176916	0.18	-6.581593e-06
2.765810989103264e-09	0.8653688	0.5007077	0.012993735	0.31176916	0.18	1.8640014e-05
2.7804519277727777e-09	0.86533415	0.5007669	0.01301111	0.31176916	0.18	6.8834834e-06
2.795581183879464e-09	0.8653491	0.5007399	0.013052641	0.31176916	0.18	-1.9003834e-05
2.810221978859798e-09	0.8653817	0.50068414	0.013032989	0.31176916	0.18	-6.2040754e-06
2.8248632807070664e-09	0.8653661	0.5007122	0.012995727	0.31176916	0.18	1.9036934e-05
2.839504426910412e-09	0.86533326	0.50076866	0.013017021	0.31176916	0.18	6.5069225e-06
2.854145266500719e-09	0.8653494	0.5007396	0.013056574	0.31176916	0.18	-1.90667e-05
2.868786576806144e-09	0.86538434	0.5006798	0.013035283	0.31176916	0.18	-6.812966e-06
2.8834272974550765e-09	0.8653693	0.5007065	0.012992153	0.31176916	0.18	1.909319e-05
2.898068151877092e-09	0.86533344	0.5007682	0.0130091235	0.31176916	0.18	7.122771e-06
2.9131969448759835e-09	0.8653466	0.50074416	0.0130536165	0.31176916	0.18	-1.9471372e-05
2.9278382669953624e-09	0.86538124	0.50068504	0.01303767	0.31176916	0.18	-6.4281276e-06
2.942478807454188e-09	0.8653677	0.50070953	0.0129994545	0.31176916	0.18	1.950727e-05
2.9571191723698795e-09	0.86533517	0.5007652	0.013016851	0.31176916	0.18	6.7431974e-06
2.9717598767395634e-09	0.86535054	0.50073755	0.013052757	0.31176916	0.18	-1.9539264e-05
2.986400612193949e-09	0.86538374	0.50068057	0.013030611	0.31176916	0.18	-7.059923e-06
3.0010415957618424e-09	0.8653671	0.5007104	0.012990509	0.31176916	0.18	1.9568346e-05
3.016170308515502e-09	0.86533046	0.50077325	0.013012544	0.31176916	0.18	6.3493226e-06
3.0308113395955575e-09	0.86534643	0.50074464	0.013057135	0.31176916	0.18	-1.9962397e-05
3.0454524574255896e-09	0.86538273	0.50068235	0.013040018	0.31176916	0.18	-6.6684415e-06
3.060093599698548e-09	0.8653695	0.50070643	0.012998812	0.31176916	0.18	2.0001815e-05
3.0747348348155953e-09	0.86533576	0.5007641	0.013013938	0.31176916	0.18	6.990019e-06
3.089375861755633e-09	0.86535025	0.50073814	0.013049316	0.31176916	0.18	-2.0037905e-05
3.1040167960646308e-09	0.86538255	0.50068265	0.013028107	0.31176916	0.18	-7.315437e-06
3.118657531750602e-09	0.86536485	0.50071424	0.012991411	0.31176916	0.18	2.0070143e-05
3.1337868838690024e-09	0.8653299	0.50077426	0.013019411	0.31176916	0.18	6.587416e-06
3.1484271765279796e-09	0.8653491	0.50074005	0.013061834	0.31176916	0.18	-2.0480828e-05
3.163067941454907e-09	0.86538655	0.5006756	0.013037381	0.31176916	0.18	-6.918906e-06
3.1777085142018872e-09	0.8653704	0.50070465	0.012990991	0.31176916	0.18	2.0523188e-05
3.192349211466626e-09	0.86533296	0.50076914	0.013008613	0.31176916	0.18	7.2530897e-06
3.2069896456105493e-09	0.8653468	0.50074416	0.013051022	0.31176916	0.18	-2.0561953e-05
3.2216297650080194e-09	0.86538196	0.50068396	0.013033921	0.31176916	0.18	-7.592014e-06
3.2367577184182368e-09	0.86536425	0.50071543	0.012996357	0.31176916	0.18	2.0975256e-05
3.251397960634712e-09	0.8653309	0.50077254	0.0130223865	0.31176916	0.18	6.850979e-06
3.2660382503924355e-09	0.8653512	0.5007361	0.013061967	0.31176916	0.18	-2.1024303e-05
3.2806779904574716e-09	0.8653889	0.5006717	0.013032739	0.31176916	0.18	-7.1954983e-06
3.2953185140005514e-09	0.8653698	0.5007059	0.012984058	0.31176916	0.18	2.1069663e-05
3.309958677485267e-09	0.86532897	0.5007761	0.013006384	0.31176916	0.18	7.5419302e-06
3.3245988439014603e-09	0.8653435	0.5007498	0.013056688	0.31176916	0.18	-2.1111531e-05
3.339239681679014e-09	0.86538273	0.50068235	0.013042376	0.31176916	0.18	-7.891046e-06
3.354368476717486e-09	0.8653683	0.5007084	0.012997009	0.31176916	0.18	2.1545009e-05
3.369009441654458e-09	0.8653328	0.50076926	0.013016853	0.31176916	0.18	7.128552e-06
3.383650508759455e-09	0.8653504	0.5007374	0.013055805	0.31176916	0.18	-2.1599524e-05
3.398291508672427e-09	0.86538696	0.5006751	0.013029889	0.31176916	0.18	-7.4798695e-06
3.412932128461686e-09	0.8653677	0.50070983	0.012985443	0.31176916	0.18	2.1650309e-05
3.427572554715149e-09	0.86532736	0.5007789	0.013011346	0.31176916	0.18	7.837168e-06
3.442212868369483e-09	0.8653443	0.5007483	0.013062144	0.31176916	0.18	-2.1696855e-05
3.457341267201033e-09	0.8653871	0.5006747	0.013042812	0.31176916	0.18	-7.057021e-06
3.471982030202871e-09	0.8653717	0.50070244	0.012993471	0.31176916	0.18	2.2149961e-05
3.486622287260742e-09	0.86533296	0.5007691	0.013009327	0.31176916	0.18	7.4190993e-06
3.501262862556315e-09	0.8653478	0.5007422	0.013050964	0.31176916	0.18	-2.2208442e-05
3.515903558791815e-09	0.86538404	0.5006803	0.013031111	0.31176916	0.18	-7.78446e-06
3.5305437958416585e-09	0.865366	0.5007126	0.012991704	0.31176916	0.18	2.2263499e-05
3.545184141473453e-09	0.86532825	0.5007771	0.01301827	0.31176916	0.18	8.15536e-06
3.559824282324986e-09	0.8653478	0.50074214	0.013064115	0.31176916	0.18	-2.2314594e-05
3.5749532326835965e-09	0.86538935	0.50067085	0.013037695	0.31176916	0.18	-7.3543924e-06
3.5895940277783146e-09	0.865371	0.5007037	0.012987322	0.31176916	0.18	2.2789847e-05
3.604235193587861e-09	0.86532974	0.50077456	0.013007611	0.31176916	0.18	7.726987e-06
3.6188761004965406e-09	0.8653458	0.5007461	0.013054664	0.31176916	0.18	-2.2854802e-05
3.633516977648014e-09	0.8653846	0.50067943	0.013035935	0.31176916	0.18	-8.104175e-06
3.6481571901396492e-09	0.8653675	0.50070983	0.012993975	0.31176916	0.18	2.2915448e-05
3.6627979928395205e-09	0.8653293	0.5007751	0.013018224	0.31176916	0.18	8.487445e-06
3.6779267191327526e-09	0.86535054	0.50073725	0.013060902	0.31176916	0.18	-2.3396982e-05
3.692567630461187e-09	0.86539	0.50066996	0.013031061	0.31176916	0.18	-7.663996e-06
3.70720795290225e-09	0.8653685	0.5007084	0.012982932	0.31176916	0.18	2.3470828e-05
3.721848501807714e-09	0.8653259	0.5007814	0.013010766	0.31176916	0.18	8.052982e-06
3.736488867101264e-09	0.8653448	0.5007473	0.013062998	0.31176916	0.18	-2.3540944e-05
3.751128856555226e-09	0.865388	0.5006733	0.013040786	0.31176916	0.18	-8.447773e-06
3.765769128834181e-09	0.8653711	0.50070363	0.012990633	0.31176916	0.18	2.3606923e-05
3.7808966732839326e-09	0.86532897	0.5007758	0.0130148595	0.31176916	0.18	7.6058805e-06
3.795536558296401e-09	0.86534894	0.50074005	0.013059402	0.31176916	0.18	-2.4111032e-05
3.810176231586879e-09	0.86538935	0.50067097	0.013031702	0.31176916	0.18	-8.00824e-06
3.824816416628306e-09	0.86536807	0.50070924	0.012983935	0.31176916	0.18	2.4190393e-05
3.839455971357879e-09	0.8653249	0.50078315	0.013013032	0.31176916	0.18	8.414975e-06
3.854095749221095e-09	0.8653452	0.50074655	0.0130661605	0.31176916	0.18	-2.4265702e-05
3.868736259577667e-09	0.8653903	0.500669	0.01304115	0.31176916	0.18	-8.825178e-06
3.883376135090068e-09	0.8653726	0.50070095	0.012986747	0.31176916	0.18	2.4338366e-05
3.898504587435172e-09	0.8653264	0.5007803	0.01300964	0.31176916	0.18	7.958838e-06
3.913145498208581e-09	0.8653458	0.5007456	0.013061012	0.31176916	0.18	-2.4870858e-05
3.927786655809056e-09	0.86538917	0.5006713	0.013037148	0.31176916	0.18	-8.370229e-06
3.9424269683522835e-09	0.8653698	0.50070614	0.012987353	0.31176916	0.18	2.4959176e-05
3.957066775963817e-09	0.8653262	0.5007806	0.013012472	0.31176916	0.18	8.792018e-06
3.971706943225639e-09	0.8653458	0.50074536	0.013063247	0.31176916	0.18	-2.5042638e-05
3.986347631876283e-09	0.86539036	0.50066906	0.013037875	0.31176916	0.18	-9.217136e-06
4.001476273561227e-09	0.8653703	0.5007053	0.0129833035	0.31176916	0.18	2.5584708e-05
4.016117051992612e-09	0.86532515	0.5007829	0.013009905	0.31176916	0.18	8.323104e-06
4.030758550541287e-09	0.8653452	0.50074685	0.013063383	0.31176916	0.18	-2.5685713e-05
4.045399229702588e-09	0.86539036	0.5006693	0.013038985	0.31176916	0.18	-8.750903e-06
4.060040338867582e-09	0.8653709	0.500704	0.012986829	0.31176916	0.18	2.5783016e-05
4.074680379626736e-09	0.8653261	0.5007809	0.013011006	0.31176916	0.18	9.187181e-06
4.089320797086546e-09	0.8653455	0.50074595	0.013062221	0.31176916	0.18	-2.5875635e-05
4.103961582357238e-09	0.8653906	0.5006689	0.013036795	0.31176916	0.18	-9.629055e-06
4.119090317705354e-09	0.8653695	0.5007066	0.012985543	0.31176916	0.18	2.6447711e-05
4.1337318287835904e-09	0.8653249	0.5007832	0.013013401	0.31176916	0.18	8.706246e-06
4.148373703637369e-09	0.8653467	0.500744	0.0130649805	0.31176916	0.18	-2.6559603e-05
4.163015451274176e-09	0.86539257	0.50066537	0.013035946	0.31176916	0.18	-9.148014e-06
4.1776564433460615e-09	0.8653705	0.5007048	0.01298175	0.31176916	0.18	2.6667782e-05
4.192298498361531e-09	0.8653229	0.5007863	0.013010396	0.31176916	0.18	9.59754e-06
4.206939445051319e-09	0.865344	0.5007486	0.01306705	0.31176916	0.18	-2.6773057e-05
4.222068446847773e-09	0.8653924	0.5006656	0.013038017	0.31176916	0.18	-8.646494e-06
4.236709204947569e-09	0.8653705	0.50070494	0.012984373	0.31176916	0.18	2.7377417e-05
4.251350912919654e-09	0.865324	0.5007844	0.013012382	0.31176916	0.18	9.104501e-06
4.265991985957275e-09	0.86534643	0.50074434	0.013065279	0.31176916	0.18	-2.750009e-05
4.2806320289977475e-09	0.8653936	0.5006637	0.013034848	0.31176916	0.18	-9.573084e-06
4.295272725530809e-09	0.8653701	0.5007056	0.012979455	0.31176916	0.18	2.7617587e-05
4.3099127074340985e-09	0.8653205	0.5007905	0.013011265	0.31176916	0.18	1.0049708e-05
4.324553256245732e-09	0.8653434	0.50074965	0.013071859	0.31176916	0.18	-2.7731568e-05
4.339681782762434e-09	0.8653964	0.5006588	0.013039214	0.31176916	0.18	-9.071346e-06
4.354322619730581e-09	0.86537284	0.50070095	0.012978382	0.31176916	0.18	2.8371132e-05
4.368962849636356e-09	0.8653218	0.50078833	0.013006416	0.31176916	0.18	9.554384e-06
4.383603215980093e-09	0.8653432	0.50075	0.013065735	0.31176916	0.18	-2.8504097e-05
4.398243598032125e-09	0.865393	0.5006646	0.013039527	0.31176916	0.18	-1.0045663e-05
4.4128839629791725e-09	0.8653713	0.5007035	0.012983073	0.31176916	0.18	2.863411e-05
4.427524569309276e-09	0.86532164	0.50078875	0.013012288	0.31176916	0.18	1.0543669e-05
4.4426532964318886e-09	0.8653467	0.5007437	0.013073048	0.31176916	0.18	-2.9289693e-05
4.457294734135969e-09	0.8653984	0.50065523	0.0130374255	0.31176916	0.18	-9.530236e-06
4.471934961602501e-09	0.86537313	0.5007006	0.012973644	0.31176916	0.18	2.9440795e-05
4.486575882162794e-09	0.8653189	0.5007936	0.013004226	0.31176916	0.18	1.0035914e-05
4.501216057773701e-09	0.8653406	0.5007544	0.013069341	0.31176916	0.18	-2.9588484e-05
4.515855539129492e-09	0.8653938	0.50066316	0.01304514	0.31176916	0.18	-1.0554295e-05
4.530496253215122e-09	0.86537373	0.5006993	0.012985451	0.31176916	0.18	2.9732228e-05
4.545136259197695e-09	0.8653231	0.5007861	0.013010703	0.31176916	0.18	1.1077484e-05
4.5602642782932255e-09	0.86534643	0.5007442	0.013067645	0.31176916	0.18	-3.0428202e-05
4.57490381414387e-09	0.8653972	0.50065726	0.013033791	0.31176916	0.18	-1.0038633e-05
4.589544306495746e-09	0.8653706	0.50070494	0.012973955	0.31176916	0.18	3.0593466e-05
4.604184023642581e-09	0.8653163	0.50079787	0.013009755	0.31176916	0.18	1.0572569e-05
4.618824623217012e-09	0.8653416	0.50075257	0.01307612	0.31176916	0.18	-3.0756317e-05
4.633465078983687e-09	0.865398	0.50065565	0.013045844	0.31176916	0.18	-1.1112562e-05
4.648105432910471e-09	0.86537623	0.50069517	0.0129792765	0.31176916	0.18	3.0917006e-05
4.66323418507477e-09	0.8653211	0.5007898	0.013005999	0.31176916	0.18	1.0032294e-05
4.6778747931819915e-09	0.8653444	0.5007479	0.013065192	0.31176916	0.18	-3.1660966e-05
4.692515447506703e-09	0.865396	0.5006595	0.013034256	0.31176916	0.18	-1.05809595e-05
4.707155307319525e-09	0.8653692	0.5007073	0.012977076	0.31176916	0.18	3.1845e-05
4.7217966839086965e-09	0.8653154	0.50079936	0.013015769	0.31176916	0.18	1.11392455e-05
4.736437006639334e-09	0.8653441	0.500748	0.013080817	0.31176916	0.18	-3.2028085e-05
4.751077369694637e-09	0.86540294	0.50064707	0.013042214	0.31176916	0.18	-1.1709168e-05
4.765717214039887e-09	0.8653771	0.50069356	0.012968947	0.31176916	0.18	3.2206928e-05
4.78084523125633e-09	0.8653159	0.5007987	0.013003088	0.31176916	0.18	1.0594502e-05
4.795485356365467e-09	0.8653409	0.5007539	0.013071542	0.31176916	0.18	-3.3000913e-05
4.8101256864699e-09	0.86539763	0.5006566	0.013041713	0.31176916	0.18	-1.1175662e-05
4.824766193392958e-09	0.8653721	0.50070214	0.0129787205	0.31176916	0.18	3.3206372e-05
4.839406118010023e-09	0.8653163	0.50079787	0.013013649	0.31176916	0.18	1.17675245e-05
4.854046749708764e-09	0.8653446	0.5007472	0.013078343	0.31176916	0.18	-3.3409466e-05
4.868687743615278e-09	0.86540425	0.5006451	0.013038382	0.31176916	0.18	-1.2366001e-05
4.88381643016444e-09	0.8653729	0.5007013	0.012963084	0.31176916	0.18	3.42329e-05
4.898456266286943e-09	0.86531055	0.500808	0.013004267	0.31176916	0.18	1.1207623e-05
4.913097248829901e-09	0.8653385	0.5007578	0.013081206	0.31176916	0.18	-3.4464316e-05
4.927737713653206e-09	0.8654015	0.50064963	0.013049493	0.31176916	0.18	-1.1818189e-05
4.942378736358821e-09	0.8653771	0.5006935	0.012976459	0.31176916	0.18	3.4695106e-05
4.957019893934009e-09	0.86531687	0.500797	0.013005637	0.31176916	0.18	1.2437835e-05
4.9716606563483275e-09	0.8653424	0.5007511	0.013072622	0.31176916	0.18	-3.4925066e-05
4.986301616332237e-09	0.86540234	0.5006486	0.013037302	0.31176916	0.18	-1.3071278e-05
5.0014302166204245e-09	0.8653719	0.50070304	0.012965164	0.31176916	0.18	3.5810222e-05
5.016071374539245e-09	0.86530876	0.50081104	0.013008684	0.31176916	0.18	1.1863258e-05
5.030711195475835e-09	0.8653394	0.5007559	0.013086432	0.31176916	0.18	-3.6069905e-05
5.045351866473615e-09	0.86540574	0.5006422	0.013049286	0.31176916	0.18	-1.2514168e-05
5.059992394370397e-09	0.86537945	0.5006898	0.01296983	0.31176916	0.18	3.6329024e-05
5.0746328110173984e-09	0.8653143	0.50080156	0.012999886	0.31176916	0.18	1.317661e-05
5.089273768462632e-09	0.8653394	0.5007565	0.0130729275	0.31176916	0.18	-3.6587568e-05
5.104402372506653e-09	0.8654028	0.5006476	0.013039545	0.31176916	0.18	-1.1920932e-05
5.119044107436794e-09	0.8653724	0.5007019	0.012970425	0.31176916	0.18	3.7543727e-05
5.133685583939045e-09	0.8653095	0.5008097	0.013012372	0.31176916	0.18	1.2587824e-05
5.148327417517966e-09	0.86534196	0.5007513	0.013086647	0.31176916	0.18	-3.783951e-05
5.162969248405354e-09	0.86540926	0.5006363	0.013042954	0.31176916	0.18	-1.3267264e-05
5.177611147451859e-09	0.86537844	0.5006919	0.012961419	0.31176916	0.18	3.813619e-05
5.192253414007529e-09	0.8653089	0.50081116	0.012999367	0.31176916	0.18	1.3959463e-05
5.206894805044288e-09	0.86533666	0.50076103	0.01308125	0.31176916	0.18	-3.8433143e-05
5.222024579250256e-09	0.86540544	0.5006431	0.0130443685	0.31176916	0.18	-1.2643649e-05
5.236665653439566e-09	0.8653746	0.50069803	0.012969794	0.31176916	0.18	3.9468498e-05
5.251307284811182e-09	0.86530864	0.5008108	0.013010911	0.31176916	0.18	1.3356704e-05
5.265948380477877e-09	0.8653424	0.5007508	0.0130862575	0.31176916	0.18	-3.9802915e-05
5.280588698307418e-09	0.8654116	0.5006325	0.0130396485	0.31176916	0.18	-1.40916e-05
5.2952296724386075e-09	0.8653774	0.5006937	0.012956212	0.31176916	0.18	4.0136354e-05
5.30987056033255e-09	0.8653038	0.50081986	0.013000667	0.31176916	0.18	1.4841544e-05
5.324999305703407e-09	0.86533827	0.5007578	0.013090256	0.31176916	0.18	-4.121898e-05
5.3396397366440626e-09	0.86541075	0.5006336	0.013047417	0.31176916	0.18	-1.3476486e-05
5.354280019492908e-09	0.8653779	0.5006924	0.012962965	0.31176916	0.18	4.1594245e-05
5.3689195016421594e-09	0.86530584	0.50081587	0.013004544	0.31176916	0.18	1.425304e-05
5.383559903070959e-09	0.8653394	0.500756	0.013087328	0.31176916	0.18	-4.1970365e-05
5.398199652276574e-09	0.86541265	0.50063056	0.013042627	0.31176916	0.18	-1.50467295e-05
5.412839802843011e-09	0.8653783	0.50069207	0.012955915	0.31176916	0.18	4.2348674e-05
5.427480068739388e-09	0.86530143	0.5008237	0.013001208	0.31176916	0.18	1.5858735e-05
5.442607845284733e-09	0.86533755	0.50075865	0.0130964825	0.31176916	0.18	-4.3529784e-05
5.457247850936079e-09	0.8654153	0.50062555	0.013049151	0.31176916	0.18	-1.4438413e-05
5.471887397845473e-09	0.86538076	0.5006879	0.012956661	0.31176916	0.18	4.395605e-05
5.486528125699366e-09	0.86530286	0.50082165	0.012999075	0.31176916	0.18	1.5271347e-05
5.501168240514361e-09	0.8653362	0.5007615	0.0130894305	0.31176916	0.18	-4.438816e-05
5.515807512853899e-09	0.8654141	0.5006281	0.013046448	0.31176916	0.18	-1.6130158e-05
5.530447585286078e-09	0.86537963	0.5006897	0.012956269	0.31176916	0.18	4.48217e-05
5.54557551010537e-09	0.8652979	0.5008296	0.013004508	0.31176916	0.18	1.4642516e-05
5.560215564817438e-09	0.8653366	0.5007603	0.013098317	0.31176916	0.18	-4.6120178e-05
5.574856566318389e-09	0.86541826	0.5006204	0.013049297	0.31176916	0.18	-1.5515268e-05
5.589497614007808e-09	0.86538184	0.50068617	0.012952658	0.31176916	0.18	4.6614285e-05
5.604137923808907e-09	0.8652994	0.5008276	0.012997921	0.31176916	0.18	1.641055e-05
5.618777665608226e-09	0.8653347	0.500764	0.01309326	0.31176916	0.18	-4.711112e-05
5.6334172654434584e-09	0.865417	0.5006228	0.0130477	0.31176916	0.18	-1.734102e-05
5.648545691048889e-09	0.8653782	0.5006922	0.01295185	0.31176916	0.18	4.849046e-05
5.663185607733062e-09	0.8652956	0.5008338	0.013004241	0.31176916	0.18	1.5778045e-05
5.6778260705531035e-09	0.8653365	0.50076073	0.013101246	0.31176916	0.18	-4.905091e-05
5.692465690371766e-09	0.8654223	0.50061375	0.013048246	0.31176916	0.18	-1.6730635e-05
5.70710564372404e-09	0.86538255	0.50068516	0.012946694	0.31176916	0.18	4.9618448e-05
5.72174532954922e-09	0.8652944	0.500836	0.012997185	0.31176916	0.18	1.7713774e-05
5.736385575879616e-09	0.8653328	0.500767	0.013099807	0.31176916	0.18	-5.019559e-05
5.751026689003716e-09	0.8654215	0.50061494	0.013050253	0.31176916	0.18	-1.8717179e-05
5.766154776453865e-09	0.86537915	0.50069064	0.012948057	0.31176916	0.18	5.1732626e-05
5.780796230559241e-09	0.8652916	0.50084066	0.013004856	0.31176916	0.18	1.70667e-05
5.7954368909305645e-09	0.8653362	0.50076115	0.013107227	0.31176916	0.18	-5.238834e-05
5.810077583452243e-09	0.8654279	0.50060403	0.013047777	0.31176916	0.18	-1.8100356e-05
5.824718598076699e-09	0.8653839	0.5006827	0.012937687	0.31176916	0.18	5.3056065e-05
5.839359578310688e-09	0.86528796	0.5008471	0.012993823	0.31176916	0.18	1.9163463e-05
5.854000645246485e-09	0.865329	0.5007732	0.013108026	0.31176916	0.18	-5.3738007e-05
5.869128891105499e-09	0.8654273	0.5006048	0.013050723	0.31176916	0.18	-1.7425087e-05
5.883770019780704e-09	0.86538213	0.5006858	0.0129423225	0.31176916	0.18	5.5460816e-05
5.898410762864435e-09	0.8652876	0.500848	0.013001596	0.31176916	0.18	1.8522298e-05
5.913051334679311e-09	0.86533433	0.50076413	0.013111767	0.31176916	0.18	-5.6230376e-05
5.927691542226657e-09	0.86543274	0.5005956	0.013048458	0.31176916	0.18	-1.9663608e-05
5.942332198671849e-09	0.86538535	0.5006805	0.012930437	0.31176916	0.18	5.7016943e-05
5.956972554583912e-09	0.8652816	0.50085825	0.012991787	0.31176916	0.18	2.084318e-05
5.971612590043802e-09	0.86532575	0.5007787	0.013116995	0.31176916	0.18	-5.7821395e-05
5.986741137405465e-09	0.8654345	0.5005923	0.013057456	0.31176916	0.18	-1.9009434e-05
6.001382173210527e-09	0.86538744	0.500677	0.0129350815	0.31176916	0.18	5.9770988e-05
6.0160236170424385e-09	0.8652835	0.5008551	0.012993744	0.31176916	0.18	2.022078e-05
6.030664350863079e-09	0.86533064	0.50077033	0.013112988	0.31176916	0.18	-6.0687882e-05
6.045305078201768e-09	0.8654354	0.5005908	0.01305017	0.31176916	0.18	-2.1483946e-05
6.059945704405064e-09	0.86538565	0.50067997	0.012927808	0.31176916	0.18	6.162848e-05
6.074585739618192e-09	0.86527604	0.50086784	0.012994898	0.31176916	0.18	2.2800434e-05
6.089714378717558e-09	0.8653293	0.50077236	0.01312984	0.31176916	0.18	-6.37548e-05
6.104354995681707e-09	0.8654429	0.5005779	0.013059783	0.31176916	0.18	-2.0851478e-05
6.118994862680607e-09	0.8653915	0.50067025	0.012924057	0.31176916	0.18	6.482121e-05
6.133635582700052e-09	0.86527663	0.50086707	0.012986231	0.31176916	0.18	2.221979e-05
6.148276669305222e-09	0.86532575	0.5007787	0.013118146	0.31176916	0.18	-6.5924454e-05
6.162917327057603e-09	0.86543936	0.50058377	0.013055031	0.31176916	0.18	-2.3635845e-05
6.177558352012717e-09	0.8653874	0.5006771	0.012925758	0.31176916	0.18	6.706363e-05
6.1922000209447295e-09	0.8652709	0.50087667	0.012997684	0.31176916	0.18	2.5104311e-05
6.207329136244133e-09	0.86533034	0.5007704	0.013135869	0.31176916	0.18	-6.9525966e-05
6.221969891570176e-09	0.8654515	0.500563	0.013055041	0.31176916	0.18	-2.3027282e-05
6.236610519120282e-09	0.8653921	0.50066936	0.012908861	0.31176916	0.18	7.082623e-05
6.251251433952356e-09	0.8652652	0.50088674	0.012983513	0.31176916	0.18	2.4568564e-05
6.265892411383738e-09	0.8653206	0.50078726	0.013133518	0.31176916	0.18	-7.2176066e-05
6.280533255926673e-09	0.8654484	0.50056815	0.013064516	0.31176916	0.18	-2.617746e-05
6.295173517362551e-09	0.8653934	0.5006669	0.012918077	0.31176916	0.18	7.357554e-05
6.31030234347418e-09	0.8652641	0.5008886	0.012997924	0.31176916	0.18	2.396794e-05
6.3249431561013624e-09	0.86532927	0.5007722	0.0131409485	0.31176916	0.18	-7.64598e-05
6.33958474021631e-09	0.86545986	0.5005487	0.013051048	0.31176916	0.18	-2.5648207e-05
6.354225677696475e-09	0.86539197	0.5006701	0.012894717	0.31176916	0.18	7.8073026e-05
6.368866498000284e-09	0.86525196	0.5009096	0.012984631	0.31176916	0.18	2.7416618e-05
6.3835072880605e-09	0.8653164	0.500794	0.013154493	0.31176916	0.18	-7.9753576e-05
6.398147777682761e-09	0.86546206	0.50054437	0.013074309	0.31176916	0.18	-2.9278586e-05
6.4127883549199524e-09	0.8654021	0.50065225	0.012902757	0.31176916	0.18	8.150789e-05
6.42791684203977e-09	0.86525375	0.5009066	0.012986326	0.31176916	0.18	2.6915224e-05
6.442557247524162e-09	0.8653227	0.5007831	0.013149214	0.31176916	0.18	-8.495047e-05
6.4571975170072185e-09	0.8654678	0.50053483	0.013056166	0.31176916	0.18	-2.8884904e-05
6.471837383693869e-09	0.8653944	0.5006661	0.012886322	0.31176916	0.18	8.698234e-05
6.486476752022242e-09	0.8652407	0.50092906	0.012986144	0.31176916	0.18	3.0977233e-05
6.5011152252021535e-09	0.86531407	0.50079745	0.013172049	0.31176916	0.18	-8.91088e-05
6.515754298540761e-09	0.8654773	0.5005178	0.01307745	0.31176916	0.18	-3.3205193e-05
6.530881453063988e-09	0.8654025	0.50065225	0.012876886	0.31176916	0.18	9.306142e-05
6.545520176540664e-09	0.8652383	0.5009335	0.012973306	0.31176916	0.18	3.0708565e-05
6.560158903668585e-09	0.86531305	0.50079954	0.01316471	0.31176916	0.18	-9.554522e-05
6.574798770569158e-09	0.8654784	0.5005162	0.013068996	0.31176916	0.18	-3.3072207e-05
6.589437549898537e-09	0.8654009	0.5006551	0.012878583	0.31176916	0.18	9.8174794e-05
6.6040769803042494e-09	0.86523014	0.50094736	0.012983999	0.31176916	0.18	3.55893e-05
6.61871729435652e-09	0.8653121	0.5008005	0.013185373	0.31176916	0.18	-0.0001009651
6.6333577024870405e-09	0.8654936	0.5004897	0.013074398	0.31176916	0.18	-3.8243656e-05
6.6484858237766826e-09	0.86540616	0.50064677	0.012852514	0.31176916	0.18	0.00010591776
6.663125135973488e-09	0.8652181	0.5009686	0.012968015	0.31176916	0.18	3.556203e-05
6.677764920441881e-09	0.86530465	0.5008133	0.013191151	0.31176916	0.18	-0.00010922452
6.692404462034668e-09	0.865497	0.50048363	0.013081883	0.31176916	0.18	-3.8441554e-05
6.707044539532762e-09	0.86541057	0.50063884	0.012859194	0.31176916	0.18	0.000112758265
6.72168475073425e-09	0.865214	0.50097555	0.012974464	0.31176916	0.18	4.152093e-05
6.736324297750421e-09	0.86530596	0.5008108	0.013202809	0.31176916	0.18	-0.00011654403
6.751452617826599e-09	0.8655149	0.50045305	0.0130670015	0.31176916	0.18	-3.862956e-05
6.766093071260769e-09	0.86540896	0.5006426	0.012827304	0.31176916	0.18	0.00012296367
6.780733913851445e-09	0.8651929	0.5010121	0.012968861	0.31176916	0.18	4.197414e-05
6.795374827975375e-09	0.8652982	0.5008235	0.013227977	0.31176916	0.18	-0.00012755467
6.81001634209015e-09	0.8655257	0.50043344	0.013091542	0.31176916	0.18	-4.558277e-05
6.824657355567465e-09	0.8654226	0.5006189	0.012822252	0.31176916	0.18	0.00013252837
6.839299340901619e-09	0.865187	0.5010228	0.012957496	0.31176916	0.18	4.9499075e-05
6.854429000386491e-09	0.86530244	0.5008159	0.0132347	0.31176916	0.18	-0.00014054855
6.869070236662461e-09	0.86554164	0.50040656	0.013075884	0.31176916	0.18	-4.6402667e-05
6.883711517342911e-09	0.8654167	0.5006299	0.012794769	0.31176916	0.18	0.00014668466
6.89835294783361e-09	0.8651609	0.50106734	0.012965445	0.31176916	0.18	5.077275e-05
6.912994387923788e-09	0.8652898	0.50083685	0.013272	0.31176916	0.18	-0.0001534167
6.927635390513029e-09	0.86556435	0.5003665	0.013099938	0.31176916	0.18	-5.559255e-05
6.9422761144861905e-09	0.86543655	0.5005962	0.012770243	0.31176916	0.18	0.00016083094
6.956917893958046e-09	0.86514604	0.50109404	0.012938604	0.31176916	0.18	6.092996e-05
6.972047062232796e-09	0.8652866	0.50084203	0.01328753	0.31176916	0.18	-0.00017231713
6.986687994199981e-09	0.86558414	0.5003326	0.013094897	0.31176916	0.18	-5.7808116e-05
7.00132987939175e-09	0.86543274	0.5006034	0.012744681	0.31176916	0.18	0.00018183055
7.015972060238188e-09	0.8651155	0.5011462	0.012951514	0.31176916	0.18	6.3938845e-05
7.030613239004852e-09	0.86527514	0.50086063	0.013329064	0.31176916	0.18	-0.00019252516
7.0452537227401895e-09	0.86561793	0.50027364	0.013110958	0.31176916	0.18	-7.091545e-05
7.059894319370331e-09	0.8654536	0.5005685	0.012699163	0.31176916	0.18	0.00020461928
7.074534904927317e-09	0.8650834	0.5012025	0.012921465	0.31176916	0.18	7.887239e-05
7.089662668303834e-09	0.8652659	0.5008756	0.013371041	0.31176916	0.18	-0.00022274714
7.104303293318878e-09	0.8656544	0.5002101	0.013117985	0.31176916	0.18	-7.623554e-05
7.118943502817307e-09	0.86545724	0.50056314	0.01265729	0.31176916	0.18	0.0002392331
7.13358381002953e-09	0.86503804	0.5012804	0.012928276	0.31176916	0.18	8.5996464e-05
7.148224920725382e-09	0.86524993	0.50090176	0.013426226	0.31176916	0.18	-0.0002585021
7.162865200020815e-09	0.8657084	0.50011665	0.013130091	0.31176916	0.18	-9.746332e-05
7.177505493341008e-09	0.86548114	0.50052404	0.01257998	0.31176916	0.18	0.0002813214
7.192634077308018e-09	0.86496615	0.5014048	0.012922293	0.31176916	0.18	9.585022e-05
7.207274201935493e-09	0.8652363	0.5009227	0.013518006	0.31176916	0.18	-0.00031513604
7.221913546158573e-09	0.8657873	0.49997932	0.013142335	0.31176916	0.18	-0.000111029156
7.23655323371285e-09	0.8654952	0.50050193	0.01248212	0.31176916	0.18	0.0003499277
7.251193214995017e-09	0.8648787	0.5015565	0.012897107	0.31176916	0.18	0.00012990304
7.2658329484664006e-09	0.86520386	0.5009758	0.013636094	0.31176916	0.18	-0.00039375416
7.280473207225588e-09	0.86590433	0.49977633	0.01316303	0.31176916	0.18	-0.00015401708
7.295601516160077e-09	0.86550564	0.500488	0.012308928	0.31176916	0.18	0.00046003592
7.310242076658409e-09	0.864711	0.5018452	0.012903968	0.31176916	0.18	0.00016075798
7.324882354939781e-09	0.865182	0.5010069	0.0138647305	0.31176916	0.18	-0.00053934363
7.339522298742682e-09	0.86612463	0.49939436	0.013161763	0.31176916	0.18	-0.00020042967
7.354162201980395e-09	0.8655655	0.50039196	0.0120159825	0.31176916	0.18	0.00065277494
7.3688021900089274e-09	0.864412	0.5023609	0.012881728	0.31176916	0.18	0.00025930235
7.383441879386888e-09	0.8651135	0.5011136	0.014287221	0.31176916	0.18	-0.00082857994
7.398081223134437e-09	0.8665871	0.4985915	0.01314505	0.31176916	0.18	-0.0003558444
7.4132091059877e-09	0.86556065	0.5004162	0.01132288	0.31176916	0.18	0.0011663061
7.427849629474343e-09	0.86356294	0.50381297	0.0131176235	0.31176916	0.18	0.00047279004
7.4424899835424e-09	0.865193	0.50093883	0.015533548	0.31176916	0.18	-0.0018818704
7.457130027713631e-09	0.86842746	0.49539962	0.012344062	0.31176916	0.18	-0.00093685044
7.471771037276703e-09	0.86481553	0.5017584	0.008604674	0.31176916	0.18	0.004941059
7.486412895151655e-09	0.8534223	0.5205999	0.019592907	0.31176916	0.18	0.009802611
7.50105482252558e-09	0.8477289	0.52807975	0.046933312	0.31176916	0.18	0.0077017373
7.516184031451859e-09	0.8612835	0.50354236	0.06569107	0.31176916	0.18	0.0010653018
7.53082349042639e-09	0.8836929	0.4653745	0.04676815	0.31176916	0.18	-0.0021624214
7.545461440517554e-09	0.8916736	0.45237204	-0.0016993276	0.31176916	0.18	-0.00052941893
7.560101061970016e-09	0.87608296	0.48030016	-0.0399485	0.31176916	0.18	0.0012578387
7.574744574924785e-09	0.85109854	0.5236284	-0.03581375	0.31176916	0.18	0.00036155412
7.589390619984505e-09	0.83758485	0.5460431	0.0053190305	0.31176916	0.18	-0.00088446104
7.604036430499509e-09	0.844119	0.5333848	0.050059054	0.31176916	0.18	-0.0002788503
7.618679030933786e-09	0.864259	0.4980788	0.06600921	0.31176916	0.18	0.0006804465
7.633806534825623e-09	0.8841874	0.46460423	0.041806076	0.31176916	0.18	0.00019774074
7.648444787193601e-09	0.88871205	0.45799717	-0.0032728415	0.31176916	0.18	-0.00056024233
7.663085558286026e-09	0.87490886	0.4826983	-0.03650126	0.31176916	0.18	-0.00017163284
7.67773017678612e-09	0.8526447	0.5212922	-0.032617074	0.31176916	0.18	0.00047087623
7.69237646329737e-09	0.83885854	0.5439201	0.0057941466	0.31176916	0.18	0.00015247495
7.707022773540641e-09	0.8444497	0.5326441	0.049088635	0.31176916	0.18	-0.00040561377
7.721664804628926e-09	0.86479557	0.49699593	0.06396374	0.31176916	0.18	-0.00013823723
7.736303378534939e-09	0.88363767	0.46538794	0.040111803	0.31176916	0.18	0.00035564118
7.751428942054958e-09	0.8868571	0.46133173	-0.004304693	0.31176916	0.18	0.00010979044
7.766068328810658e-09	0.8731135	0.48605698	-0.033328615	0.31176916	0.18	-0.00032158286
7.780710767670019e-09	0.85334235	0.52025753	-0.02795655	0.31176916	0.18	-0.000102984326
7.795356316019746e-09	0.84143853	0.53960633	0.0071593043	0.31176916	0.18	0.00028947872
7.810000790079365e-09	0.846154	0.5297925	0.046106588	0.31176916	0.18	9.716067e-05
7.824642813434928e-09	0.864433	0.49766585	0.059721023	0.31176916	0.18	-0.000262928
7.839281231836265e-09	0.8821216	0.4680002	0.037786067	0.31176916	0.18	-9.255737e-05
7.854406254069919e-09	0.8852329	0.46418074	-0.003416261	0.31176916	0.18	0.00024457014
7.869045077368397e-09	0.8720891	0.48795268	-0.029644087	0.31176916	0.18	7.653014e-05
7.88368633449426e-09	0.8539131	0.5192678	-0.023594197	0.31176916	0.18	-0.00022536084
7.898330887965649e-09	0.8438821	0.5353732	0.008494548	0.31176916	0.18	-7.3969546e-05
7.912976258931442e-09	0.84848326	0.5258994	0.042505387	0.31176916	0.18	0.0002088391
7.927618941187264e-09	0.8641704	0.49826506	0.054060522	0.31176916	0.18	7.16903e-05
7.942258146850941e-09	0.87957835	0.47253287	0.035215307	0.31176916	0.18	-0.00019436538
7.956895690414126e-09	0.8831759	0.46782193	0.0003715661	0.31176916	0.18	-6.9913505e-05
7.97202296548639e-09	0.87186223	0.48842996	-0.024493536	0.31176916	0.18	0.00018474566
7.986665048324303e-09	0.85539865	0.5166507	-0.01974845	0.31176916	0.18	5.893716e-05
8.001311179345776e-09	0.8461901	0.5313079	0.00849893	0.31176916	0.18	-0.00017341564
8.015957293993777e-09	0.8503113	0.5228114	0.038306326	0.31176916	0.18	-5.7809237e-05
8.030600525660498e-09	0.8638307	0.49897766	0.048362687	0.31176916	0.18	0.0001632905
8.045240015685064e-09	0.8769013	0.47730628	0.032744933	0.31176916	0.18	5.6953653e-05
8.059878421036318e-09	0.880477	0.4726694	0.0036369036	0.31176916	0.18	-0.00015411297
8.075006364777321e-09	0.8717373	0.4887083	-0.018150128	0.31176916	0.18	-4.831906e-05
8.089649342172032e-09	0.8577925	0.51246256	-0.015847288	0.31176916	0.18	0.0001484217
8.104295798511076e-09	0.8490055	0.52643806	0.007032534	0.31176916	0.18	4.790982e-05
8.118941422676188e-09	0.851505	0.5208442	0.03288515	0.31176916	0.18	-0.00014091477
8.133584121219292e-09	0.8627297	0.50100315	0.0430356	0.31176916	0.18	-4.754639e-05
8.14822336838176e-09	0.8742557	0.48199964	0.031370927	0.31176916	0.18	0.0001340044
8.16286091420549e-09	0.8781015	0.47690237	0.007483717	0.31176916	0.18	4.736854e-05
8.17750017654056e-09	0.8720081	0.48823452	-0.0113394	0.31176916	0.18	-0.00012763271
8.192629745507236e-09	0.8603765	0.50791323	-0.012100453	0.31176916	0.18	-4.055528e-05
8.207274689029933e-09	0.8522163	0.52094144	0.004774249	0.31176916	0.18	0.00012400052
8.22192078323333e-09	0.85254717	0.5192121	0.026451359	0.31176916	0.18	4.0500137e-05
8.236563671776817e-09	0.8608708	0.5043903	0.037786573	0.31176916	0.18	-0.000118617085
8.251203628983154e-09	0.87128407	0.48728034	0.03131646	0.31176916	0.18	-4.054476e-05
8.265842032233336e-09	0.8762693	0.4801314	0.012332005	0.31176916	0.18	0.00011357584
8.280481868579548e-09	0.87244886	0.4874003	-0.00524771	0.31176916	0.18	4.0633626e-05
8.295124495857161e-09	0.86324	0.50288904	-0.009476814	0.31176916	0.18	-0.00010889613
8.310258981809667e-09	0.8551187	0.51598006	0.0019566542	0.31176916	0.18	-3.4948775e-05
8.324904992231948e-09	0.85344213	0.517866	0.019946136	0.31176916	0.18	0.000106474945
8.339548884517661e-09	0.85883594	0.5081325	0.03282218	0.31176916	0.18	3.510635e-05
8.354188831388874e-09	0.86808205	0.49299234	0.03204284	0.31176916	0.18	-0.00010239656
8.368827774306879e-09	0.8746411	0.48296708	0.01801229	0.31176916	0.18	-3.5366294e-05
8.383467912121673e-09	0.8735528	0.48536116	0.000673523	0.31176916	0.18	9.854941e-05
8.398111240118237e-09	0.866024	0.49799076	-0.007795743	0.31176916	0.18	3.555514e-05
8.41324601801713e-09	0.8574586	0.51200396	-0.0017586305	0.31176916	0.18	-9.664229e-05
8.42789233078059e-09	0.85372365	0.51757514	0.013856276	0.31176916	0.18	-3.0706116e-05
8.442535494293305e-09	0.856831	0.5118461	0.028883213	0.31176916	0.18	9.327662e-05
8.45717535039973e-09	0.8652105	0.4981335	0.033366892	0.31176916	0.18	3.1040003e-05
8.471813093515944e-09	0.87320346	0.48543388	0.023731127	0.31176916	0.18	-9.005779e-05
8.48645209657881e-09	0.8748668	0.4829329	0.00622224	0.31176916	0.18	-3.140809e-05
8.501094713317118e-09	0.8690168	0.49275362	-0.0069557633	0.31176916	0.18	8.702055e-05
8.515740067404706e-09	0.8597992	0.5080848	-0.0065181223	0.31176916	0.18	3.16459e-05
8.530873891784953e-09	0.8533334	0.5184513	0.008078362	0.31176916	0.18	-8.566883e-05
8.545516309749284e-09	0.8546297	0.51590306	0.026221937	0.31176916	0.18	-2.7493355e-05
8.560156003334327e-09	0.862882	0.50230587	0.03554978	0.31176916	0.18	8.294979e-05
8.574793142048301e-09	0.8723337	0.4868673	0.029050345	0.31176916	0.18	2.7930937e-05
8.589431999618101e-09	0.8762151	0.48045334	0.010739617	0.31176916	0.18	-8.034214e-05
8.60407400706619e-09	0.87171185	0.4880621	-0.0068127527	0.31176916	0.18	-2.8305707e-05
8.618718437714622e-09	0.8616307	0.5050407	-0.0109468335	0.31176916	0.18	7.7884324e-05
8.63336346594532e-09	0.85286903	0.51950246	0.0021578195	0.31176916	0.18	2.8585284e-05
8.648493959452167e-09	0.8523078	0.5201677	0.024506634	0.31176916	0.18	-7.690264e-05
8.66313318845088e-09	0.8608842	0.5058565	0.038451668	0.31176916	0.18	-2.4982119e-05
8.67777055875838e-09	0.87209845	0.48714608	0.033999473	0.31176916	0.18	7.465134e-05
8.692409769874098e-09	0.8777714	0.4776248	0.013948525	0.31176916	0.18	2.5438861e-05
8.707051622225337e-09	0.8738761	0.4843296	-0.0075887726	0.31176916	0.18	-7.25051e-05
8.721696250876471e-09	0.8628329	0.5031015	-0.015008114	0.31176916	0.18	-2.5792946e-05
8.736341842550474e-09	0.85223407	0.520852	-0.0020446656	0.31176916	0.18	7.047077e-05
8.751472082136965e-09	0.85031337	0.52387285	0.023592867	0.31176916	0.18	2.2452012e-05
8.766111608623164e-09	0.8592146	0.50879353	0.041459873	0.31176916	0.18	-6.9745656e-05
8.780749166687958e-09	0.8721729	0.48685324	0.03838516	0.31176916	0.18	-2.2934815e-05
8.795388738115485e-09	0.8794675	0.47455522	0.016090687	0.31176916	0.18	6.785582e-05
8.810030734894585e-09	0.8756504	0.48129082	-0.009189027	0.31176916	0.18	2.335943e-05
8.82467592744647e-09	0.86332685	0.50239694	-0.018699715	0.31176916	0.18	-6.605997e-05
8.839321823651162e-09	0.8513728	0.52259547	-0.0048657507	0.31176916	0.18	-2.3694749e-05
8.853964890274933e-09	0.84873945	0.5268464	0.022738427	0.31176916	0.18	6.4334214e-05
8.8690926976052e-09	0.8581826	0.51060086	0.04416276	0.31176916	0.18	2.0720234e-05
8.883731603821334e-09	0.8724058	0.48629642	0.04165833	0.31176916	0.18	-6.380085e-05
8.898371876943564e-09	0.88090634	0.47196037	0.017285727	0.31176916	0.18	-2.1183752e-05
8.913013577872468e-09	0.8770236	0.47895232	-0.011042521	0.31176916	0.18	6.219773e-05
8.927658193463907e-09	0.8634233	0.5023857	-0.021829285	0.31176916	0.18	2.1577307e-05
8.942303394191643e-09	0.850345	0.5246099	-0.006539933	0.31176916	0.18	-6.0665443e-05
8.956944899371974e-09	0.84765786	0.52891564	0.023617998	0.31176916	0.18	-2.1948856e-05
8.972071486014019e-09	0.85785615	0.5111524	0.046548624	0.31176916	0.18	6.021532e-05
8.986709043225452e-09	0.8729235	0.48527235	0.04356188	0.31176916	0.18	1.9287614e-05
9.001347964830986e-09	0.8818795	0.47022563	0.017376754	0.31176916	0.18	-5.8773207e-05
9.0159886140652e-09	0.8777325	0.47778988	-0.012736301	0.31176916	0.18	-1.973957e-05
9.030631692073428e-09	0.86330473	0.5027605	-0.023878671	0.31176916	0.18	5.7389032e-05
9.045274951298459e-09	0.8495391	0.52623254	-0.0071928925	0.31176916	0.18	2.0129577e-05
9.05991561505767e-09	0.8469447	0.5302831	0.024861358	0.31176916	0.18	-5.604637e-05
9.07455448609169e-09	0.857444	0.51181394	0.04806351	0.31176916	0.18	-2.054196e-05
9.089679299828144e-09	0.8736534	0.48389164	0.044291485	0.31176916	0.18	5.5714863e-05
9.104317396892701e-09	0.8824812	0.4691606	0.016467895	0.31176916	0.18	1.8110626e-05
9.1189583262873e-09	0.87771416	0.4779132	-0.014229843	0.31176916	0.18	-5.4459306e-05
9.133601147082291e-09	0.86287206	0.5036932	-0.024608256	0.31176916	0.18	-1.8526072e-05
9.148243893513377e-09	0.849144	0.52713615	-0.0066722445	0.31176916	0.18	5.3250205e-05
9.16288457739878e-09	0.8468634	0.53052235	0.026129158	0.31176916	0.18	1.8925377e-05
9.177523341051043e-09	0.85780805	0.5111235	0.049014926	0.31176916	0.18	-5.206125e-05
9.192649064979592e-09	0.87426215	0.4827443	0.043936007	0.31176916	0.18	-1.6632772e-05
9.207288209238393e-09	0.8826906	0.46877825	0.015024348	0.31176916	0.18	5.183173e-05
9.221929646818721e-09	0.8772025	0.47889173	-0.015345491	0.31176916	0.18	1.707179e-05
9.236572990681393e-09	0.8621744	0.50507843	-0.024177874	0.31176916	0.18	-5.0733302e-05
9.251216573877219e-09	0.8490461	0.52748144	-0.005066088	0.31176916	0.18	-1.7458837e-05
9.265858223862641e-09	0.84747946	0.52952397	0.027381405	0.31176916	0.18	4.9662754e-05
9.28049773403117e-09	0.85858405	0.50974774	0.048788056	0.31176916	0.18	1.7860497e-05
9.295136501020781e-09	0.8741184	0.48293826	0.043047063	0.31176916	0.18	-4.860479e-05
9.31026396558796e-09	0.8822953	0.46946907	0.013411061	0.31176916	0.18	-1.5726531e-05
9.324906008370329e-09	0.876356	0.48044917	-0.01565007	0.31176916	0.18	4.8460395e-05
9.339549513091933e-09	0.8615266	0.5063593	-0.022702647	0.31176916	0.18	1.612574e-05
9.354193367466997e-09	0.84923774	0.5272582	-0.0028375417	0.31176916	0.18	-4.7486617e-05
9.368835861831397e-09	0.8485503	0.5276853	0.028435325	0.31176916	0.18	-1.650559e-05
9.38347583880165e-09	0.8596981	0.50780606	0.047522772	0.31176916	0.18	4.6526107e-05
9.398114663671663e-09	0.87422705	0.48275435	0.04038973	0.31176916	0.18	1.690806e-05
9.413241803079654e-09	0.88123655	0.4713481	0.011724875	0.31176916	0.18	-4.6395493e-05
9.427883367444635e-09	0.8751284	0.48268443	-0.014886432	0.31176916	0.18	-1.4907977e-05
9.44252636688379e-09	0.86113256	0.50718486	-0.020079562	0.31176916	0.18	4.5498782e-05
9.45717023910858e-09	0.8499495	0.526089	-0.00035842348	0.31176916	0.18	1.5288526e-05
9.471813020273798e-09	0.84994256	0.5252592	0.02883504	0.31176916	0.18	-4.46237e-05
9.486453172631674e-09	0.86082196	0.5058596	0.045292847	0.31176916	0.18	-1.5673852e-05
9.50109308879273e-09	0.87407184	0.48304617	0.037067425	0.31176916	0.18	4.375524e-05
9.515733188548536e-09	0.8797383	0.4739729	0.011109366	0.31176916	0.18	1.605864e-05
9.530863567294186e-09	0.87358314	0.48547706	-0.013189075	0.31176916	0.18	-4.368444e-05
9.545507165009135e-09	0.86091614	0.5076706	-0.016410952	0.31176916	0.18	-1.4162613e-05
9.560151403315098e-09	0.85124284	0.5238781	0.002297743	0.31176916	0.18	4.288038e-05
9.574793606099357e-09	0.85173696	0.522147	0.028352857	0.31176916	0.18	1.4533651e-05
9.58943451859727e-09	0.8617821	0.5042314	0.041993644	0.31176916	0.18	-4.2084022e-05
9.604073514181877e-09	0.8734463	0.4841786	0.033423282	0.31176916	0.18	-1.4920982e-05
9.618713138539342e-09	0.8779382	0.47715318	0.00997703	0.31176916	0.18	4.1294566e-05
9.63335485222598e-09	0.87233925	0.48771024	-0.010226133	0.31176916	0.18	1.5288555e-05
9.648486138705305e-09	0.86089534	0.507765	-0.012135769	0.31176916	0.18	-4.1269628e-05
9.66313125922458e-09	0.8529164	0.5209638	0.004906162	0.31176916	0.18	-1.3496543e-05
9.677774593850711e-09	0.8538535	0.5184922	0.027071072	0.31176916	0.18	4.0540603e-05
9.692416009192846e-09	0.86260897	0.50287545	0.037736434	0.31176916	0.18	1.3863447e-05
9.707056205856867e-09	0.8723004	0.48625174	0.029590067	0.31176916	0.18	-3.9813756e-05
9.721696190453672e-09	0.87579507	0.4809481	0.00961746	0.31176916	0.18	-1.423749e-05
9.736338707233237e-09	0.87088907	0.49030113	-0.0068464545	0.31176916	0.18	3.9099617e-05
9.751470242684116e-09	0.86126006	0.5071413	-0.0075988644	0.31176916	0.18	1.2533282e-05
9.766113767530978e-09	0.85484433	0.5175759	0.0070582316	0.31176916	0.18	-3.911088e-05
9.78075703418373e-09	0.8560002	0.5147905	0.025042688	0.31176916	0.18	-1.2891816e-05
9.795398402907506e-09	0.8632528	0.50186026	0.032922227	0.31176916	0.18	3.8440146e-05
9.810037182574221e-09	0.87080586	0.48895755	0.025798902	0.31176916	0.18	1.3266111e-05
9.824676707334971e-09	0.8733886	0.4852191	0.009981981	0.31176916	0.18	-3.777025e-05
9.839318042263439e-09	0.869569	0.49264145	-0.0026140648	0.31176916	0.18	-1.36256385e-05
9.853960375617962e-09	0.8623286	0.5052703	-0.0031582045	0.31176916	0.18	3.7117192e-05
9.86909141424751e-09	0.8570765	0.51366013	0.008477147	0.31176916	0.18	1.2017377e-05
9.883733633513443e-09	0.85798115	0.51139325	0.022167359	0.31176916	0.18	-3.715412e-05
9.898374542474608e-09	0.8635057	0.5015373	0.027905144	0.31176916	0.18	-1.2378667e-05
9.913014113496344e-09	0.86908704	0.49206764	0.022477096	0.31176916	0.18	3.6532634e-05
9.927653750934649e-09	0.8709934	0.48947063	0.011022409	0.31176916	0.18	1.2744157e-05
9.942293834583316e-09	0.86841214	0.49466082	0.0020753671	0.31176916	0.18	-3.591785e-05
9.956936177767267e-09	0.8633897	0.5033605	0.001486578	0.31176916	0.18	-1.3086188e-05
9.972067501564162e-09	0.8595502	0.5093366	0.009207898	0.31176916	0.18	3.5953904e-05
9.986710057505405e-09	0.8598135	0.50828344	0.018523348	0.31176916	0.18	1.155963e-05
1.0001350908927988e-08	0.8633012	0.5020297	0.02282049	0.31176916	0.18	-3.537712e-05
1.0015990067435961e-08	0.8671133	0.49563798	0.019891804	0.31176916	0.18	-1.1920624e-05
1.0030628742014164e-08	0.86879206	0.4933754	0.01284704	0.31176916	0.18	3.4799934e-05
1.0045268898167649e-08	0.8676149	0.4960123	0.006899294	0.31176916	0.18	1.22753645e-05
1.0059911559265999e-08	0.8646493	0.50107896	0.0056405487	0.31176916	0.18	-3.4235414e-05
1.0074554566506537e-08	0.8620489	0.50499845	0.009106608	0.31176916	0.18	-1.2594792e-05
1.00896850377477e-08	0.8614386	0.5055523	0.014480901	0.31176916	0.18	3.4293014e-05
1.0104325303304175e-08	0.8627906	0.50307465	0.017904777	0.31176916	0.18	1.1155327e-05
1.011896493647898e-08	0.86496294	0.4995327	0.018020933	0.31176916	0.18	-3.3754866e-05
1.0133604639701564e-08	0.8667755	0.49694192	0.015378459	0.31176916	0.18	-1.1506616e-05
1.0148245470421469e-08	0.86725056	0.49657103	0.011726398	0.31176916	0.18	3.3222732e-05
1.0162888721850392e-08	0.86615545	0.49836248	0.00903937	0.31176916	0.18	1.1831203e-05
1.0177531928908591e-08	0.8642836	0.50111246	0.008535937	0.31176916	0.18	-3.2703258e-05
1.0192662686481618e-08	0.86265564	0.5035399	0.010347513	0.31176916	0.18	-1.0431238e-05
1.020730324561798e-08	0.86207056	0.5044961	0.013567645	0.31176916	0.18	3.277632e-05
1.022194299401369e-08	0.86288464	0.50331044	0.016871747	0.31176916	0.18	1.0777205e-05
1.02365812455483e-08	0.86499655	0.50007004	0.018293519	0.31176916	0.18	-3.2273776e-05
1.0251222180371808e-08	0.8671988	0.4965515	0.016333506	0.31176916	0.18	-1.1117573e-05
1.0265864841789025e-08	0.86784846	0.49532324	0.011664392	0.31176916	0.18	3.1781994e-05
1.0280507876079955e-08	0.86630964	0.4976114	0.0072149932	0.31176916	0.18	1.1426641e-05
1.0295149474193567e-08	0.86348265	0.5022225	0.006216581	0.31176916	0.18	-3.1295855e-05
1.031027687664384e-08	0.8611123	0.5063408	0.0100746425	0.31176916	0.18	-1.0107335e-05
1.032491576187252e-08	0.86104816	0.50666547	0.016550196	0.31176916	0.18	3.137898e-05
1.033955432951527e-08	0.863635	0.50244313	0.021302965	0.31176916	0.18	1.0451358e-05
1.0354195194983906e-08	0.86737806	0.496111	0.020339169	0.31176916	0.18	-3.0911324e-05
1.036883751043048e-08	0.8694956	0.49237356	0.013503125	0.31176916	0.18	-1.0767464e-05
1.0383480843647789e-08	0.86806536	0.4945959	0.005445794	0.31176916	0.18	3.0454212e-05
1.0398123979964282e-08	0.86389965	0.50162214	0.002406594	0.31176916	0.18	1.1064564e-05
1.0412765067169216e-08	0.8600542	0.50835764	0.0071739256	0.31176916	0.18	-2.9999093e-05
1.0427892406932623e-08	0.8594538	0.5095819	0.01702978	0.31176916	0.18	-9.8048995e-06
1.0442531588883129e-08	0.862779	0.503907	0.024288112	0.31176916	0.18	3.0096033e-05
1.0457172969904715e-08	0.8678414	0.4951742	0.023465848	0.31176916	0.18	1.0127858e-05
1.0471815499556947e-08	0.87092954	0.4898154	0.014412685	0.31176916	0.18	-2.9662891e-05
1.048645931267353e-08	0.86935484	0.49240282	0.0034973593	0.31176916	0.18	-1.0424338e-05
1.0501101827000565e-08	0.86402434	0.5015389	-0.00077974657	0.31176916	0.18	2.9235403e-05
1.0515742705237579e-08	0.8589836	0.5104031	0.005338168	0.31176916	0.18	1.0722381e-05
1.053086990495881e-08	0.85814214	0.51197815	0.018021239	0.31176916	0.18	-2.9326598e-05
1.0545509729798819e-08	0.8623179	0.50465345	0.027058598	0.31176916	0.18	-9.520057e-06
1.056015144048432e-08	0.8685425	0.49382892	0.0257005	0.31176916	0.18	2.8915174e-05
1.0574793858147645e-08	0.8721461	0.487658	0.01441788	0.31176916	0.18	9.822035e-06
1.0589437355058694e-08	0.8700997	0.49117097	0.0014789511	0.31176916	0.18	-2.8510607e-05
1.0604080007403678e-08	0.86381674	0.50204045	-0.0030925812	0.31176916	0.18	-1.0110409e-05
1.0618720994796722e-08	0.85809726	0.5121234	0.0045090187	0.31176916	0.18	2.8106037e-05
1.063336032068666e-08	0.8572147	0.51368296	0.018803384	0.31176916	0.18	1.040902e-05
1.0648487773915321e-08	0.86218554	0.50481147	0.029250534	0.31176916	0.18	-2.8206407e-05
1.0663128683392275e-08	0.8692686	0.49245322	0.027009418	0.31176916	0.18	-9.251352e-06
1.067777147929323e-08	0.8730785	0.48600844	0.013786611	0.31176916	0.18	2.78214e-05
1.0692414474237121e-08	0.87039745	0.49072516	-0.00040177675	0.31176916	0.18	9.539404e-06
1.0707055994261927e-08	0.86333495	0.5030223	-0.00450529	0.31176916	0.18	-2.7439073e-05
1.0721696410102263e-08	0.8573977	0.51349884	0.004651258	0.31176916	0.18	-9.831757e-06
1.0736335398652278e-08	0.8568762	0.5143334	0.020175412	0.31176916	0.18	2.705322e-05
1.0751462579629921e-08	0.86242723	0.50432205	0.030627355	0.31176916	0.18	8.713277e-06
1.076610297051117e-08	0.8698751	0.49131334	0.027276278	0.31176916	0.18	-2.7163867e-05
1.078074531557875e-08	0.8735595	0.4851593	0.012760428	0.31176916	0.18	-9.0084695e-06
1.0795387541541471e-08	0.8703201	0.49093637	-0.0018027643	0.31176916	0.18	2.6801383e-05
1.081002903602463e-08	0.86277944	0.5041304	-0.0049949447	0.31176916	0.18	9.293957e-06
1.0824669626128088e-08	0.8569286	0.5144401	0.0055175847	0.31176916	0.18	-2.6437874e-05
1.0839307882518248e-08	0.85697085	0.514193	0.02154462	0.31176916	0.18	-9.5864125e-06
1.0853947108547253e-08	0.8627471	0.5037168	0.031061366	0.31176916	0.18	2.6070918e-05
1.0869075836387135e-08	0.8703472	0.49043816	0.026521426	0.31176916	0.18	8.505279e-06
1.0883718329391978e-08	0.87351125	0.48524895	0.011458693	0.31176916	0.18	-2.619343e-05
1.0898361684149834e-08	0.8698408	0.49185386	-0.0024791688	0.31176916	0.18	-8.782989e-06
1.091300385656624e-08	0.8623003	0.5051001	-0.0044525675	0.31176916	0.18	2.585141e-05
1.0927644545616681e-08	0.8568508	0.5146684	0.006867098	0.31176916	0.18	9.062593e-06
1.0942283483909346e-08	0.85743445	0.51338273	0.022578731	0.31176916	0.18	-2.550478e-05
1.0956922873019964e-08	0.8634573	0.5024342	0.030781062	0.31176916	0.18	-9.348051e-06
1.097205114886572e-08	0.8706329	0.4899099	0.024985218	0.31176916	0.18	2.5615416e-05
1.0986694154855097e-08	0.8730222	0.48611772	0.010056578	0.31176916	0.18	8.297393e-06
1.1001336743129239e-08	0.8690065	0.49339384	-0.0024059752	0.31176916	0.18	-2.5290436e-05
1.1015978716537083e-08	0.8619015	0.5059125	-0.0028968928	0.31176916	0.18	-8.570677e-06
1.103061865437685e-08	0.8572395	0.51405144	0.008596249	0.31176916	0.18	2.4962876e-05
1.1045257432341885e-08	0.85831374	0.5118418	0.023036325	0.31176916	0.18	8.85339e-06
1.1059897074405372e-08	0.8641721	0.5011689	0.029519979	0.31176916	0.18	-2.4632598e-05
1.1074537937060361e-08	0.8704143	0.4902723	0.023308575	0.31176916	0.18	-9.125032e-06
1.1089668984748724e-08	0.8721649	0.48763394	0.008900526	0.31176916	0.18	2.4753765e-05
1.1104311687712068e-08	0.8680163	0.4952031	-0.0015598269	0.31176916	0.18	8.105026e-06
1.1118953983881797e-08	0.8616317	0.50647265	-0.00058182114	0.31176916	0.18	-2.4444716e-05
1.1133594248125588e-08	0.8580017	0.5127451	0.010514314	0.31176916	0.18	-8.375881e-06
1.1148233643829965e-08	0.8595591	0.50966406	0.02288838	0.31176916	0.18	2.4131356e-05
1.1162872854638666e-08	0.86487657	0.49995378	0.027308345	0.31176916	0.18	8.650972e-06
1.1177513712368972e-08	0.8699629	0.4910745	0.020795312	0.31176916	0.18	-2.3818584e-05
1.119264408834064e-08	0.87091595	0.48984167	0.008226386	0.31176916	0.18	-7.662198e-06
1.1207286174629175e-08	0.8670138	0.4970257	0.00016868832	0.31176916	0.18	2.3945866e-05
1.1221927465008083e-08	0.8616455	0.50650644	0.0022656494	0.31176916	0.18	7.929171e-06
1.1236568055720613e-08	0.85908204	0.51085216	0.01229013	0.31176916	0.18	-2.3649145e-05
1.1251208068792182e-08	0.8609814	0.50718045	0.022080932	0.31176916	0.18	-8.197474e-06
1.1265847690849578e-08	0.8654976	0.498909	0.024370655	0.31176916	0.18	2.3350525e-05
1.1280488420646568e-08	0.8691672	0.4924978	0.018046344	0.31176916	0.18	8.460661e-06
1.1295130378366806e-08	0.8693952	0.49251643	0.008375489	0.31176916	0.18	-2.3054668e-05
1.1310260985280282e-08	0.86602324	0.49881393	0.002749446	0.31176916	0.18	-7.5015123e-06
1.1324902432759551e-08	0.8620158	0.5058868	0.0055166497	0.31176916	0.18	2.318653e-05
1.1339543029675959e-08	0.86051196	0.5083359	0.0136835165	0.31176916	0.18	7.764499e-06
1.1354182456265279e-08	0.8624379	0.5046502	0.020504838	0.31176916	0.18	-2.290199e-05
1.136882172392556e-08	0.8658738	0.4983106	0.020937208	0.31176916	0.18	-8.030188e-06
1.1383462830709155e-08	0.86808586	0.49443412	0.01539332	0.31176916	0.18	2.261753e-05
1.1398105608568962e-08	0.8676617	0.49558187	0.008693496	0.31176916	0.18	8.277814e-06
1.1413236982906727e-08	0.8650991	0.5004622	0.0059650233	0.31176916	0.18	-2.274234e-05
1.1427878404567212e-08	0.86267424	0.5047282	0.008981666	0.31176916	0.18	-7.349087e-06
1.1442518819624085e-08	0.8622517	0.50527495	0.014624891	0.31176916	0.18	2.247224e-05
1.1457158118244359e-08	0.86389965	0.5021332	0.018156901	0.31176916	0.18	7.610642e-06
1.1471797165247112e-08	0.8659175	0.49831375	0.017132755	0.31176916	0.18	-2.2198952e-05
1.1486437545500128e-08	0.8666913	0.49693158	0.013100319	0.31176916	0.18	-7.867538e-06
1.1501078529111343e-08	0.86592144	0.49865904	0.009704831	0.31176916	0.18	2.1927737e-05
1.151571938035525e-08	0.86444294	0.5016092	0.009525993	0.31176916	0.18	8.113528e-06
1.1530847202051628e-08	0.86356574	0.5031329	0.012327341	0.31176916	0.18	-2.205272e-05
1.1545486792953956e-08	0.8641189	0.5019901	0.015057222	0.31176916	0.18	-7.2265966e-06
1.1560124479559362e-08	0.8652939	0.49975115	0.015250717	0.31176916	0.18	2.1790634e-05
1.1574763155806584e-08	0.8656907	0.498808	0.013158413	0.31176916	0.18	7.4888344e-06
1.1589402660622508e-08	0.8650341	0.49990183	0.011237837	0.31176916	0.18	-2.152856e-05
1.160404288033649e-08	0.8642007	0.5016951	0.01140595	0.31176916	0.18	-7.7380955e-06
1.1618684010963528e-08	0.86399156	0.50237626	0.013403017	0.31176916	0.18	2.1268494e-05
1.1633811996356324e-08	0.86473066	0.50104487	0.0152966175	0.31176916	0.18	6.866205e-06
1.1648451399112721e-08	0.8659744	0.4987352	0.014839213	0.31176916	0.18	-2.1397309e-05
1.166309046231229e-08	0.8664523	0.497794	0.011989752	0.31176916	0.18	-7.1216214e-06
1.1677730051052297e-08	0.8652323	0.4997194	0.009351871	0.31176916	0.18	2.1146827e-05
1.1692370754348774e-08	0.8632914	0.5030327	0.009889771	0.31176916	0.18	7.3679425e-06
1.1707011379700557e-08	0.86257213	0.5045569	0.01360572	0.31176916	0.18	-2.0897707e-05
1.1721652709093206e-08	0.8637894	0.50267553	0.017386409	0.31176916	0.18	-7.6057195e-06
1.173678205122717e-08	0.866131	0.49853677	0.017810905	0.31176916	0.18	2.1020964e-05
1.1751421301947475e-08	0.8677871	0.49557143	0.013958341	0.31176916	0.18	6.7610636e-06
1.1766059911398481e-08	0.8672859	0.4964177	0.008486588	0.31176916	0.18	-2.0780666e-05
1.1780699254222321e-08	0.8645088	0.50110406	0.0059636477	0.31176916	0.18	-7.01094e-06
1.1795339408115406e-08	0.86159563	0.50608814	0.009195847	0.31176916	0.18	2.0540652e-05
1.1809981011046142e-08	0.8611909	0.5069701	0.016123492	0.31176916	0.18	7.2477023e-06
1.1824622450592013e-08	0.863809	0.5025607	0.021166025	0.31176916	0.18	-2.0302583e-05
1.1839263499470847e-08	0.867501	0.4960811	0.019935457	0.31176916	0.18	-7.47831e-06
1.1854392424045924e-08	0.8694782	0.49263287	0.012574127	0.31176916	0.18	2.0429088e-05
1.1869031484123438e-08	0.8678294	0.49555945	0.004929988	0.31176916	0.18	6.6595585e-06
1.1883670559066522e-08	0.8635549	0.50289935	0.0030999032	0.31176916	0.18	-2.0198228e-05
1.1898310188455293e-08	0.85998154	0.5089992	0.009191373	0.31176916	0.18	-6.9014504e-06
1.1912951510777247e-08	0.8601512	0.5087673	0.018854132	0.31176916	0.18	1.9968435e-05
1.192759379899666e-08	0.8640986	0.5019603	0.024482254	0.31176916	0.18	7.128354e-06
1.1942234817220172e-08	0.8689041	0.49357104	0.021300578	0.31176916	0.18	-1.9739604e-05
1.1957363057188694e-08	0.8708914	0.49019152	0.010864515	0.31176916	0.18	-6.322775e-06
1.1972002535945829e-08	0.86811405	0.49516025	0.001624924	0.31176916	0.18	1.9867786e-05
1.1986641691421477e-08	0.8625245	0.5048338	0.00084430334	0.31176916	0.18	6.56321e-06
1.2001281989556135e-08	0.85850906	0.5116521	0.009725242	0.31176916	0.18	-1.9646413e-05
1.2015923707256892e-08	0.85941416	0.5100114	0.021638906	0.31176916	0.18	-6.792154e-06
1.2030566075754909e-08	0.86464	0.5009133	0.027244523	0.31176916	0.18	1.9427393e-05
1.2045208253728984e-08	0.87024003	0.49119306	0.021912819	0.31176916	0.18	7.011634e-06
1.2059848766830418e-08	0.8719639	0.4883511	0.009356463	0.31176916	0.18	-1.9206533e-05
1.207497679226198e-08	0.8680964	0.49529567	-0.0011721129	0.31176916	0.18	-6.229844e-06
1.2089615890176922e-08	0.86154443	0.50668275	-0.0006420476	0.31176916	0.18	1.9337072e-05
1.2104256843568224e-08	0.85733426	0.5137723	0.010638049	0.31176916	0.18	6.461509e-06
1.211889853049304e-08	0.8589596	0.51074094	0.024176266	0.31176916	0.18	-1.912593e-05
1.2133540535109773e-08	0.8652873	0.49967867	0.029350983	0.31176916	0.18	-6.6815815e-06
1.2148182220210642e-08	0.87143266	0.48907587	0.021913117	0.31176916	0.18	1.8914581e-05
1.2162821993542673e-08	0.87268245	0.48714367	0.00737976	0.31176916	0.18	6.902143e-06
1.2177949079005195e-08	0.8678009	0.49592128	-0.0033746555	0.31176916	0.18	-1.903683e-05
1.2192587808032314e-08	0.86063725	0.5083981	-0.0013176923	0.31176916	0.18	-6.1469877e-06
1.2207227841443065e-08	0.8565437	0.5152055	0.011853563	0.31176916	0.18	1.8831644e-05
1.222186952021476e-08	0.85884285	0.510874	0.026237855	0.31176916	0.18	6.3697466e-06
1.2236511145756583e-08	0.8659336	0.4984564	0.030640936	0.31176916	0.18	-1.8628341e-05
1.2251152953246588e-08	0.87232924	0.4874864	0.021435164	0.31176916	0.18	-6.585137e-06
1.2265793831877558e-08	0.87306976	0.48651922	0.0055902894	0.31176916	0.18	1.8423605e-05
1.2280433916435178e-08	0.86761695	0.49634692	-0.004754589	0.31176916	0.18	6.801501e-06
1.2295561630480145e-08	0.85986227	0.5098663	-0.001314109	0.31176916	0.18	-1.8549144e-05
1.231020261592405e-08	0.8561027	0.51600385	0.013222676	0.31176916	0.18	-6.0606076e-06
1.2324844478598005e-08	0.85904735	0.5104457	0.027735902	0.31176916	0.18	1.8353618e-05
1.2339486920231596e-08	0.86655706	0.49729297	0.031067336	0.31176916	0.18	6.2731356e-06
1.2354128923694045e-08	0.8728443	0.4865777	0.020552058	0.31176916	0.18	-1.8158069e-05
1.236876950550036e-08	0.873085	0.48655093	0.0042111664	0.31176916	0.18	-6.4852748e-06
1.238340907007747e-08	0.867168	0.49723867	-0.0054752897	0.31176916	0.18	1.7958511e-05
1.2398535904023881e-08	0.8593565	0.51084566	-0.0007686775	0.31176916	0.18	5.7615707e-06
1.2413176335070852e-08	0.855993	0.5162009	0.01448156	0.31176916	0.18	-1.8085857e-05
1.2427816791300783e-08	0.85944515	0.5096829	0.028576255	0.31176916	0.18	-5.9794884e-06
1.2442458945120661e-08	0.867091	0.49630252	0.030743837	0.31176916	0.18	1.7896704e-05
1.2457100331688213e-08	0.8729979	0.48631153	0.019412113	0.31176916	0.18	6.188627e-06
1.2471741388756337e-08	0.8727463	0.4872074	0.003342092	0.31176916	0.18	-1.7706278e-05
1.2486380939354933e-08	0.86670804	0.49814343	-0.0053113177	0.31176916	0.18	-6.3996813e-06
1.2501020270942226e-08	0.8594055	0.5108468	-0.00015545954	0.31176916	0.18	1.7512257e-05
1.2516149603505645e-08	0.8562606	0.5157281	0.015405799	0.31176916	0.18	5.6899876e-06
1.2530791649917767e-08	0.85992944	0.50878155	0.02861839	0.31176916	0.18	-1.764435e-05
1.2545434852778595e-08	0.86739653	0.49572593	0.029810777	0.31176916	0.18	-5.8947803e-06
1.2560076627288138e-08	0.872812	0.48664373	0.018275518	0.31176916	0.18	1.7462824e-05
1.2574717829870681e-08	0.8721849	0.48825455	0.0030577388	0.31176916	0.18	6.1003634e-06
1.2589357266899138e-08	0.866288	0.4989647	-0.004393991	0.31176916	0.18	-1.7277342e-05
1.260399671123297e-08	0.8595553	0.5106333	0.001189625	0.31176916	0.18	-6.309967e-06
1.2619124938089285e-08	0.8568962	0.5146096	0.015917767	0.31176916	0.18	1.7399152e-05
1.263376716340617e-08	0.8604811	0.5077863	0.027806966	0.31176916	0.18	5.614465e-06
1.2648409872563035e-08	0.8673844	0.495723	0.028333306	0.31176916	0.18	-1.7224544e-05
1.2663051847448136e-08	0.87223995	0.48765624	0.01736758	0.31176916	0.18	-5.815823e-06
1.2677693007548452e-08	0.8715078	0.4895005	0.0035163146	0.31176916	0.18	1.7047632e-05
1.2692331807940013e-08	0.8660494	0.49944928	-0.0028486878	0.31176916	0.18	6.0224106e-06
1.2706970968101244e-08	0.8600075	0.5098624	0.0026175533	0.31176916	0.18	-1.6866139e-05
1.2721611303627572e-08	0.8577483	0.5131363	0.015479737	0.31176916	0.18	-6.2263325e-06
1.2736741915302114e-08	0.861035	0.5068096	0.0262674	0.31176916	0.18	1.6991737e-05
1.2751384570997284e-08	0.8670827	0.49624458	0.026463421	0.31176916	0.18	5.542539e-06
1.2766026143111962e-08	0.8713097	0.4893035	0.016775971	0.31176916	0.18	-1.6822123e-05
1.2780666199629274e-08	0.8707438	0.49089342	0.00475392	0.31176916	0.18	-5.7450443e-06
1.2795304802954763e-08	0.8660694	0.49945837	-0.00075109786	0.31176916	0.18	1.664782e-05
1.2809943341061059e-08	0.8608068	0.50846624	0.0039206995	0.31176916	0.18	5.952159e-06
1.2824582916640798e-08	0.85876185	0.51136166	0.014908082	0.31176916	0.18	-1.6471733e-05
1.2839712176170695e-08	0.861449	0.5060957	0.024121601	0.31176916	0.18	-5.286815e-06
1.285435341893035e-08	0.86649925	0.4972714	0.02446337	0.31176916	0.18	1.6598884e-05
1.2868994004113959e-08	0.8701442	0.49136633	0.016605174	0.31176916	0.18	5.4877823e-06
1.288363263682463e-08	0.8699555	0.4923175	0.00666697	0.31176916	0.18	-1.6431275e-05
1.2898269795222622e-08	0.8663308	0.49901846	0.0017548435	0.31176916	0.18	-5.6960703e-06
1.2912907518762875e-08	0.86194116	0.50647306	0.0049918685	0.31176916	0.18	1.625953e-05
1.292754616019846e-08	0.85989	0.50940317	0.01363865	0.31176916	0.18	5.899928e-06
1.2942187280578045e-08	0.8615269	0.5059991	0.021290377	0.31176916	0.18	-1.6089283e-05
1.2957317525573235e-08	0.8656	0.49886107	0.02255451	0.31176916	0.18	-5.2457667e-06
1.2971960091289281e-08	0.86885375	0.49364862	0.016986752	0.31176916	0.18	1.6219914e-05
1.2986600670409247e-08	0.8692715	0.49354252	0.00911473	0.31176916	0.18	5.440055e-06
1.3001240690582396e-08	0.86681235	0.4981671	0.00441393	0.31176916	0.18	-1.6057724e-05
1.3015881002392553e-08	0.8632867	0.5041026	0.0057462063	0.31176916	0.18	-5.6360655e-06
1.3030521883729949e-08	0.861069	0.507372	0.011788114	0.31176916	0.18	1.5894475e-05
1.3045164327638364e-08	0.86155176	0.506006	0.018245013	0.31176916	0.18	5.8238465e-06
1.3060295388171566e-08	0.86440516	0.5009797	0.02084482	0.31176916	0.18	-1.601795e-05
1.3074937841133531e-08	0.8674744	0.49608392	0.017981643	0.31176916	0.18	-5.1808547e-06
1.3089578312981375e-08	0.86878383	0.49440232	0.012023402	0.31176916	0.18	1.5863056e-05
1.310421808553041e-08	0.8675656	0.49681973	0.006994275	0.31176916	0.18	5.3760987e-06
1.3118857352484763e-08	0.86474305	0.5015388	0.0060100593	0.31176916	0.18	-1.5704523e-05
1.3133498048733548e-08	0.8621493	0.50552726	0.009461197	0.31176916	0.18	-5.5687306e-06
1.3148140333463171e-08	0.8613718	0.5063869	0.015075615	0.31176916	0.18	1.5546866e-05
1.3162783242737425e-08	0.8629482	0.5035619	0.019359238	0.31176916	0.18	5.7496295e-06
1.317791400801637e-08	0.866068	0.49856105	0.01949528	0.31176916	0.18	-1.5671538e-05
1.3192554955490586e-08	0.86847705	0.49492013	0.015259715	0.31176916	0.18	-5.123915e-06
1.3207195328907969e-08	0.86858237	0.49499542	0.009394226	0.31176916	0.18	1.5520063e-05
1.3221835178175536e-08	0.866284	0.49883565	0.005714624	0.31176916	0.18	5.315246e-06
1.3236476627017204e-08	0.8630383	0.50403047	0.006715969	0.31176916	0.18	-1.536712e-05
1.3251119804898333e-08	0.8609343	0.50722927	0.012001199	0.31176916	0.18	-5.496392e-06
1.3265762299806411e-08	0.8615193	0.5061116	0.018336011	0.31176916	0.18	1.5215362e-05
1.3280892427745746e-08	0.86477643	0.50082767	0.021421842	0.31176916	0.18	4.8778384e-06
1.3295533334090143e-08	0.8683546	0.49509215	0.018563038	0.31176916	0.18	-1.5339394e-05
1.331017298987979e-08	0.8697536	0.4928919	0.011485072	0.31176916	0.18	-5.0677236e-06
1.3324811835957923e-08	0.8678372	0.49612197	0.004933443	0.31176916	0.18	1.5190462e-05
1.3339452391132281e-08	0.8637357	0.5028824	0.0036946908	0.31176916	0.18	5.2565933e-06
1.335409384523422e-08	0.86025095	0.5085118	0.009144855	0.31176916	0.18	-1.5041952e-05
1.3368736179293197e-08	0.860043	0.5087479	0.017855728	0.31176916	0.18	-5.435519e-06
1.338337809812463e-08	0.8635285	0.50298727	0.023622634	0.31176916	0.18	1.4893361e-05
1.3398506479381514e-08	0.86846656	0.4948347	0.021723265	0.31176916	0.18	4.8339734e-06
1.3413146006341498e-08	0.87099	0.49067426	0.013104773	0.31176916	0.18	-1.5016824e-05
1.3427785732319266e-08	0.8692665	0.49363598	0.003755633	0.31176916	0.18	-5.022164e-06
1.3442426256416347e-08	0.8642339	0.50209355	0.00063618534	0.31176916	0.18	1.4872594e-05
1.3457067663872337e-08	0.85942346	0.51005584	0.0066316896	0.31176916	0.18	5.203269e-06
1.3471709125966667e-08	0.8585817	0.51135606	0.017862525	0.31176916	0.18	-1.472833e-05
1.3486349493826951e-08	0.86260706	0.5045741	0.026074648	0.31176916	0.18	-5.3817694e-06
1.3501476365138029e-08	0.86881375	0.49415037	0.024613159	0.31176916	0.18	1.48447325e-05
1.351611452645101e-08	0.8722587	0.48840612	0.014159626	0.31176916	0.18	4.8012434e-06
1.3530752835424917e-08	0.87047166	0.49155426	0.0022357914	0.31176916	0.18	-1.4703578e-05
1.3545392875929515e-08	0.86447865	0.50175536	-0.0022331744	0.31176916	0.18	-4.987064e-06
1.3560033561823419e-08	0.8585497	0.51168966	0.004633505	0.31176916	0.18	1.4563028e-05
1.3574675203319616e-08	0.8572729	0.5136958	0.018264322	0.31176916	0.18	5.163927e-06
1.3589316167795619e-08	0.8618911	0.5057829	0.02853102	0.31176916	0.18	-1.44220385e-05
1.36039565429752e-08	0.8690834	0.49357817	0.027378146	0.31176916	0.18	-5.3396293e-06
1.361908334541707e-08	0.87350255	0.4861888	0.014696701	0.31176916	0.18	1.4540012e-05
1.3633722721400344e-08	0.8714457	0.4898871	0.00047146165	0.31176916	0.18	4.769456e-06
1.3648362642046246e-08	0.8644588	0.50188494	-0.004803951	0.31176916	0.18	-1.44035685e-05
1.3663003969650721e-08	0.85764515	0.513378	0.003258129	0.31176916	0.18	-4.9471614e-06
1.3677646077118303e-08	0.856209	0.5156003	0.01904962	0.31176916	0.18	1.4267763e-05
1.3692287449194545e-08	0.8614542	0.50649184	0.030796794	0.31176916	0.18	5.118846e-06
1.370692757075598e-08	0.86960864	0.4925725	0.029355908	0.31176916	0.18	-1.4129494e-05
1.3722054291163992e-08	0.8745854	0.48426238	0.0147852525	0.31176916	0.18	-4.5548995e-06
1.3736693429710558e-08	0.8721752	0.48865458	-0.0013047651	0.31176916	0.18	1.4248037e-05
1.3751333242047125e-08	0.86427087	0.50231194	-0.0069500445	0.31176916	0.18	4.735258e-06
1.3765974434995526e-08	0.85677034	0.51500905	0.0024512606	0.31176916	0.18	-1.4115598e-05
1.3780615999029775e-08	0.85538685	0.51706636	0.020104412	0.31176916	0.18	-4.907274e-06
1.3795256475560543e-08	0.8612975	0.50670147	0.03276404	0.31176916	0.18	1.3982198e-05
1.3809896362832501e-08	0.87018716	0.49148047	0.030680712	0.31176916	0.18	5.0803283e-06
1.3824535236613542e-08	0.87537175	0.48285505	0.015084091	0.31176916	0.18	-1.3845556e-05
1.3839662989301926e-08	0.8725985	0.4879639	-0.0029021956	0.31176916	0.18	-4.5280667e-06
1.3854302901442198e-08	0.8639906	0.5029022	-0.008498413	0.31176916	0.18	1.3966333e-05
1.386894455857187e-08	0.8560496	0.5163639	0.002161926	0.31176916	0.18	4.701067e-06
1.388358622253296e-08	0.8548232	0.5180635	0.021228725	0.31176916	0.18	-1.3838021e-05
1.3898227988614725e-08	0.861345	0.50654715	0.03431088	0.31176916	0.18	-4.8688426e-06
1.391286928927583e-08	0.87076646	0.4903956	0.03137221	0.31176916	0.18	1.3708152e-05
1.3927509153486478e-08	0.87595385	0.48182628	0.014448439	0.31176916	0.18	5.0374833e-06
1.3942636476327614e-08	0.8727087	0.4878277	-0.004215604	0.31176916	0.18	-1.3822188e-05
1.3957276984995496e-08	0.86363775	0.50361776	-0.0093570715	0.31176916	0.18	-4.4943463e-06
1.3971918895271127e-08	0.8555665	0.51729304	0.002366101	0.31176916	0.18	1.3697811e-05
1.3986561371720805e-08	0.854578	0.51849324	0.022242913	0.31176916	0.18	4.660038e-06
1.4001203505831292e-08	0.8615277	0.50615853	0.03527684	0.31176916	0.18	-1.3573054e-05
1.401584517772174e-08	0.87122613	0.48953047	0.03148878	0.31176916	0.18	-4.8242223e-06
1.4030485374204917e-08	0.8762679	0.48127246	0.013657146	0.31176916	0.18	1.3445491e-05
1.4045125588620603e-08	0.8728287	0.48766935	-0.0046992735	0.31176916	0.18	4.990898e-06
1.4060254533394628e-08	0.86325836	0.50437194	-0.009555571	0.31176916	0.18	-1.3561286e-05
1.4074896290654373e-08	0.8553236	0.5177849	0.0029849515	0.31176916	0.18	-4.454115e-06
1.408953878020382e-08	0.85466754	0.51833194	0.02304726	0.31176916	0.18	1.3440587e-05
1.4104181665105937e-08	0.8618346	0.5055658	0.035556816	0.31176916	0.18	4.615444e-06
1.4118822616898711e-08	0.871477	0.489046	0.031040594	0.31176916	0.18	-1.33182675e-05
1.4133463589690437e-08	0.87625	0.48130628	0.012896483	0.31176916	0.18	-4.7794015e-06
1.414810427326023e-08	0.8725511	0.48821118	-0.0050853877	0.31176916	0.18	1.3193421e-05
1.416323361407477e-08	0.86297107	0.50495327	-0.009162021	0.31176916	0.18	4.24971e-06
1.4177876300649656e-08	0.85532457	0.5178272	0.0038178666	0.31176916	0.18	-1.33111425e-05
1.4192519757634138e-08	0.8550076	0.5177246	0.023540396	0.31176916	0.18	-4.4093636e-06
1.4207162094032912e-08	0.8622155	0.5048576	0.035193965	0.31176916	0.18	1.31939e-05
1.422180297793638e-08	0.8715195	0.48894206	0.030113183	0.31176916	0.18	4.5709407e-06
1.4236443101861765e-08	0.87589526	0.4819385	0.012255907	0.31176916	0.18	-1.3072929e-05
1.4251082478994716e-08	0.8721234	0.48901448	-0.0048346957	0.31176916	0.18	-4.7354324e-06
1.4265722470659676e-08	0.86317354	0.5046742	-0.008370489	0.31176916	0.18	1.2949625e-05
1.4280851103323993e-08	0.8556366	0.5173104	0.0046786056	0.31176916	0.18	4.217583e-06
1.429549385037762e-08	0.85552996	0.5167977	0.023540094	0.31176916	0.18	-1.3067623e-05
1.4310135745224289e-08	0.8625426	0.5042563	0.034229837	0.31176916	0.18	-4.3765285e-06
1.4324777052807448e-08	0.87132746	0.48925817	0.028911734	0.31176916	0.18	1.2951662e-05
1.4339417766886332e-08	0.8752813	0.4830284	0.011865286	0.31176916	0.18	4.5369216e-06
1.4354057248042485e-08	0.8716021	0.48997682	-0.00397498	0.31176916	0.18	-1.2832782e-05
1.4368697606813026e-08	0.86322194	0.50463676	-0.0069119884	0.31176916	0.18	-4.6980595e-06
1.4383827280074795e-08	0.85626364	0.51623076	0.005484056	0.31176916	0.18	1.2943944e-05
1.4398469797908838e-08	0.85622364	0.5155818	0.02297543	0.31176916	0.18	4.184849e-06
1.4413111454147506e-08	0.86274296	0.5038941	0.03268924	0.31176916	0.18	-1.28322745e-05
1.4427752979002345e-08	0.87085193	0.49008045	0.027600303	0.31176916	0.18	-4.3430578e-06
1.4442392351615892e-08	0.8744767	0.4844527	0.011869951	0.31176916	0.18	1.2717631e-05
1.4457031039857736e-08	0.87109554	0.4909029	-0.0025598053	0.31176916	0.18	4.5060483e-06
1.447167089867998e-08	0.8634531	0.5042574	-0.00513812	0.31176916	0.18	-1.2600328e-05
1.4486311369849467e-08	0.85725325	0.5145303	0.005603358	0.31176916	0.18	-4.6637188e-06
1.450144220105021e-08	0.8570345	0.5141739	0.02186282	0.31176916	0.18	1.271289e-05
1.4516084725451237e-08	0.8628014	0.50379956	0.030658223	0.31176916	0.18	4.1582684e-06
1.4530726002993394e-08	0.87008166	0.49143034	0.026294142	0.31176916	0.18	-1.2603287e-05
1.4545365834076349e-08	0.87350625	0.48616752	0.012372069	0.31176916	0.18	-4.316531e-06
1.456000542639195e-08	0.87069017	0.4916373	-0.00061254844	0.31176916	0.18	1.2490202e-05
1.4574646091097397e-08	0.8639243	0.50343823	-0.00323396	0.31176916	0.18	4.47378e-06
1.4589287532819435e-08	0.8582841	0.5127257	0.005974053	0.31176916	0.18	-1.2376863e-05
1.4604417783639595e-08	0.8578484	0.5127711	0.020263761	0.31176916	0.18	-3.9758734e-06
1.4619060034043627e-08	0.8627064	0.5039894	0.028325802	0.31176916	0.18	1.2490567e-05
1.4633700577161548e-08	0.86909413	0.4931714	0.02509822	0.31176916	0.18	4.131287e-06
1.4648340509555626e-08	0.87241906	0.4880862	0.013341496	0.31176916	0.18	-1.2381656e-05
1.4662980574813749e-08	0.870392	0.4921671	0.0017905828	0.31176916	0.18	-4.288334e-06
1.4677621216048092e-08	0.8646525	0.5021527	-0.0012945937	0.31176916	0.18	1.2271315e-05
1.4692263234840768e-08	0.8594792	0.5106365	0.00592049	0.31176916	0.18	4.4397825e-06
1.4706906182574511e-08	0.8585159	0.5116551	0.017813018	0.31176916	0.18	-1.2161522e-05
1.4722037294129128e-08	0.8623923	0.5045737	0.0258809	0.31176916	0.18	-3.947507e-06
1.4736679126789558e-08	0.8679606	0.49517497	0.024189519	0.31176916	0.18	1.2275882e-05
1.4751319690357301e-08	0.8713358	0.48999238	0.014733029	0.31176916	0.18	4.100875e-06
1.4765959475496913e-08	0.8702206	0.49245605	0.004450991	0.31176916	0.18	-1.2169027e-05
1.4780599573263661e-08	0.86556417	0.5005333	0.00055232254	0.31176916	0.18	-4.2554843e-06
1.4795241314425559e-08	0.86078143	0.5083662	0.005462324	0.31176916	0.18	1.2061329e-05
1.4809884399202793e-08	0.85917383	0.51055205	0.01538132	0.31176916	0.18	4.401674e-06
1.4825014389009751e-08	0.8618455	0.5055776	0.023423815	0.31176916	0.18	-1.2169806e-05
1.4839655269754697e-08	0.8666954	0.49741355	0.023673654	0.31176916	0.18	-3.9220026e-06
1.4854295286590823e-08	0.8703386	0.49173716	0.016549442	0.31176916	0.18	1.2066698e-05
1.486893473860368e-08	0.87024176	0.49238834	0.0072053783	0.31176916	0.18	4.076615e-06
1.4883574932919718e-08	0.8666053	0.4986787	0.0021325746	0.31176916	0.18	-1.1961506e-05
1.4898216988996064e-08	0.8620764	0.50611573	0.0046147145	0.31176916	0.18	-4.2256547e-06
1.4912858940304523e-08	0.8597051	0.5096841	0.012721431	0.31176916	0.18	1.1856768e-05
1.4927501391975977e-08	0.86102796	0.50706816	0.020888196	0.31176916	0.18	4.37e-06
1.4942630146737908e-08	0.86535627	0.49978477	0.023545241	0.31176916	0.18	-1.1965032e-05
1.4957269992652277e-08	0.8694464	0.49328446	0.018707277	0.31176916	0.18	-3.9014058e-06
1.4971908792536406e-08	0.87047255	0.49193648	0.009937215	0.31176916	0.18	1.1862838e-05
