# t (s)	mx ()	my ()	mz ()	B_extx (T)	B_exty (T)	B_extz (T)
1e-12	0.9411118	0.33787212	0.0063238996	0.33828935	0.12312725	0
1.595482565747936e-11	0.9411037	0.33789432	0.006338525	0.33828935	0.12312725	4.074171e-06
3.086022798964382e-11	0.94111544	0.33786145	0.006348631	0.33828935	0.12312725	-1.1953602e-05
4.512634475903352e-11	0.94112855	0.3378255	0.006316302	0.33828935	0.12312725	-4.393925e-06
5.986406172996918e-11	0.94111586	0.3378615	0.006280648	0.33828935	0.12312725	1.182146e-05
7.468724013134296e-11	0.94109464	0.3379201	0.006305399	0.33828935	0.12312725	4.2224447e-06
8.97107702024877e-11	0.94110155	0.33789995	0.0063535217	0.33828935	0.12312725	-1.2059751e-05
1.039542615278371e-10	0.9411206	0.33784682	0.006353299	0.33828935	0.12312725	-4.4233566e-06
1.190491499548424e-10	0.94111973	0.33784962	0.006319289	0.33828935	0.12312725	1.20772875e-05
1.3346676951068647e-10	0.9411079	0.3378832	0.006314875	0.33828935	0.12312725	4.3125065e-06
1.4827294028370968e-10	0.94111174	0.33787242	0.0063266186	0.33828935	0.12312725	-1.204362e-05
1.6297657488417497e-10	0.94112074	0.3378474	0.006311231	0.33828935	0.12312725	-4.203744e-06
1.7759432376867301e-10	0.9411097	0.33787856	0.006297642	0.33828935	0.12312725	1.2050716e-05
1.9264015333051467e-10	0.94109493	0.33791867	0.006331071	0.33828935	0.12312725	3.8934627e-06
2.071240525058268e-10	0.9411075	0.33788309	0.0063656666	0.33828935	0.12312725	-1.2153345e-05
2.2205729581143112e-10	0.94112855	0.337825	0.006341153	0.33828935	0.12312725	-3.902171e-06
2.3645128721901227e-10	0.94112253	0.33784258	0.006296	0.33828935	0.12312725	1.2163999e-05
2.513036097448689e-10	0.94110256	0.33789834	0.006297519	0.33828935	0.12312725	4.135151e-06
2.661230538840144e-10	0.9411042	0.3378932	0.006330166	0.33828935	0.12312725	-1.2329636e-05
2.8042365885021406e-10	0.94111633	0.33785915	0.006332683	0.33828935	0.12312725	-4.533181e-06
2.951953510477554e-10	0.94111264	0.33786967	0.006319138	0.33828935	0.12312725	1.2225933e-05
3.0994607373521746e-10	0.94110227	0.33789805	0.006333161	0.33828935	0.12312725	4.4070857e-06
3.246796984638994e-10	0.94111264	0.33786926	0.0063498737	0.33828935	0.12312725	-1.2310568e-05
3.3939873676210133e-10	0.9411278	0.33782783	0.0063220123	0.33828935	0.12312725	-4.3713644e-06
3.5410609937181296e-10	0.94111705	0.33785844	0.0062864083	0.33828935	0.12312725	1.2368197e-05
3.6880231469577376e-10	0.9410968	0.3379142	0.0063050296	0.33828935	0.12312725	4.4002504e-06
3.8348915710985934e-10	0.94110185	0.33789912	0.006347753	0.33828935	0.12312725	-1.2405798e-05
3.981673868727358e-10	0.94112027	0.33784795	0.0063468716	0.33828935	0.12312725	-4.4804624e-06
4.128396037575858e-10	0.94111866	0.33785298	0.0063182083	0.33828935	0.12312725	1.2427818e-05
4.2750601217718173e-10	0.9411061	0.3378881	0.0063181757	0.33828935	0.12312725	4.596356e-06
4.426554004892347e-10	0.9411113	0.33787355	0.0063329414	0.33828935	0.12312725	-1.2665237e-05
4.5731164935465204e-10	0.9411225	0.33784273	0.006316278	0.33828935	0.12312725	-4.086563e-06
4.719641112857436e-10	0.9411119	0.33787236	0.0062969797	0.33828935	0.12312725	1.2673027e-05
4.866133399044237e-10	0.94109637	0.33791503	0.0063230605	0.33828935	0.12312725	4.252967e-06
5.012599798811478e-10	0.9411063	0.33788636	0.0063577625	0.33828935	0.12312725	-1.2673373e-05
5.159035552196216e-10	0.9411256	0.33783332	0.0063410117	0.33828935	0.12312725	-4.4357053e-06
5.30544482268164e-10	0.9411203	0.3378488	0.006302834	0.33828935	0.12312725	1.2666256e-05
5.451844036832304e-10	0.9411033	0.33789632	0.0063065877	0.33828935	0.12312725	4.6318983e-06
5.603107202875603e-10	0.9411065	0.33788672	0.0063317055	0.33828935	0.12312725	-1.2883878e-05
5.749468980441227e-10	0.94111913	0.33785176	0.0063265646	0.33828935	0.12312725	-4.1723365e-06
5.895817831487912e-10	0.9411121	0.33787116	0.0063107274	0.33828935	0.12312725	1.2875682e-05
6.042159337024531e-10	0.9410999	0.3379048	0.0063300747	0.33828935	0.12312725	4.3867813e-06
6.188490562737534e-10	0.9411105	0.33787477	0.006352791	0.33828935	0.12312725	-1.2862669e-05
6.334817929219011e-10	0.9411272	0.33782908	0.0063278433	0.33828935	0.12312725	-4.606393e-06
6.481129567955459e-10	0.94111794	0.33785573	0.0062919077	0.33828935	0.12312725	1.2844763e-05
6.632316496256488e-10	0.94109875	0.33790866	0.0063083433	0.33828935	0.12312725	4.157314e-06
6.778622058817599e-10	0.9411046	0.3378917	0.006343302	0.33828935	0.12312725	-1.30632925e-05
6.924923207101799e-10	0.94112074	0.33784667	0.0063366042	0.33828935	0.12312725	-4.386488e-06
7.071218141048749e-10	0.9411156	0.33786163	0.0063119894	0.33828935	0.12312725	1.3048196e-05
7.217513834524949e-10	0.94110227	0.3378986	0.006323564	0.33828935	0.12312725	4.618735e-06
7.36381052511647e-10	0.94111073	0.3378748	0.0063444707	0.33828935	0.12312725	-1.3029319e-05
7.510099056138433e-10	0.9411256	0.33783364	0.0063227424	0.33828935	0.12312725	-4.8525167e-06
7.661264005223334e-10	0.9411141	0.33786604	0.006292954	0.33828935	0.12312725	1.3248079e-05
7.807547875868425e-10	0.9410965	0.33791482	0.0063162	0.33828935	0.12312725	4.4057842e-06
7.953835326999554e-10	0.941105	0.33789006	0.006353367	0.33828935	0.12312725	-1.3233055e-05
8.100117875530461e-10	0.9411241	0.33783758	0.006340679	0.33828935	0.12312725	-4.644313e-06
8.246403671291898e-10	0.94111896	0.33785266	0.0063063237	0.33828935	0.12312725	1.3214122e-05
8.392686897219392e-10	0.9411027	0.33789775	0.006313099	0.33828935	0.12312725	4.8838033e-06
8.54383773327874e-10	0.9411091	0.3378791	0.0063393023	0.33828935	0.12312725	-1.3434502e-05
8.690114282671877e-10	0.9411232	0.33784038	0.0063228374	0.33828935	0.12312725	-4.433911e-06
8.836395018308849e-10	0.9411133	0.33786798	0.006298283	0.33828935	0.12312725	1.3419942e-05
8.982672420645274e-10	0.94109684	0.33791375	0.006321363	0.33828935	0.12312725	4.677629e-06
9.128947490100894e-10	0.9411067	0.33788595	0.006356402	0.33828935	0.12312725	-1.3401259e-05
9.275233061237215e-10	0.94112635	0.33783135	0.006339204	0.33828935	0.12312725	-4.9218593e-06
9.426387254716282e-10	0.9411194	0.33785173	0.006297851	0.33828935	0.12312725	1.3624748e-05
9.572665931182592e-10	0.9411009	0.33790314	0.006307227	0.33828935	0.12312725	4.46492e-06
9.718935248871787e-10	0.94110566	0.33788866	0.006338361	0.33828935	0.12312725	-1.3610865e-05
9.865210140298535e-10	0.94112074	0.33784655	0.006330523	0.33828935	0.12312725	-4.714271e-06
1.0011484663888603e-09	0.9411141	0.33786583	0.006308022	0.33828935	0.12312725	1.3593086e-05
1.015775549994813e-09	0.94109976	0.33790568	0.006325376	0.33828935	0.12312725	4.964372e-06
1.0308900280069522e-09	0.9411099	0.33787686	0.0063541555	0.33828935	0.12312725	-1.3818419e-05
1.045517513985299e-09	0.9411279	0.33782712	0.0063296068	0.33828935	0.12312725	-4.503017e-06
1.0601444679018188e-09	0.94111824	0.33785447	0.0062907874	0.33828935	0.12312725	1.3805445e-05
1.0747719735179329e-09	0.94109786	0.33791104	0.006305211	0.33828935	0.12312725	4.756046e-06
1.0893994806339048e-09	0.9411031	0.33789605	0.006344223	0.33828935	0.12312725	-1.3788735e-05
1.1040266110647038e-09	0.94112086	0.33784652	0.006340663	0.33828935	0.12312725	-5.009783e-06
1.1186538381412058e-09	0.9411171	0.3378577	0.0063142837	0.33828935	0.12312725	1.3767628e-05
1.13376824790738e-09	0.9411031	0.33789662	0.0063218107	0.33828935	0.12312725	4.542439e-06
1.148395278810682e-09	0.9411111	0.33787382	0.006341038	0.33828935	0.12312725	-1.4005335e-05
1.1630218352522593e-09	0.94112515	0.33783475	0.006319061	0.33828935	0.12312725	-4.800613e-06
1.1776490807833895e-09	0.9411137	0.33786696	0.006291441	0.33828935	0.12312725	1.3989067e-05
1.192276413390561e-09	0.94109505	0.3379187	0.006317011	0.33828935	0.12312725	5.0583308e-06
1.2069036538146678e-09	0.9411045	0.33789194	0.0063578053	0.33828935	0.12312725	-1.39690765e-05
1.2220182015326324e-09	0.9411257	0.33783326	0.00634503	0.33828935	0.12312725	-4.584143e-06
1.2366454382653464e-09	0.94112074	0.33784732	0.006305775	0.33828935	0.12312725	1.4210499e-05
1.2512726338988367e-09	0.94110346	0.33789563	0.0063082003	0.33828935	0.12312725	4.845009e-06
1.2658996571801643e-09	0.9411077	0.33788335	0.006331926	0.33828935	0.12312725	-1.419557e-05
1.2805271999448042e-09	0.94112074	0.33784717	0.0063215755	0.33828935	0.12312725	-5.106756e-06
1.295154577160054e-09	0.9411115	0.33787313	0.006304006	0.33828935	0.12312725	1.4176853e-05
1.3102697874795258e-09	0.94109726	0.33791247	0.006332133	0.33828935	0.12312725	4.6245123e-06
1.3248973159229576e-09	0.9411103	0.33787552	0.006360396	0.33828935	0.12312725	-1.4422379e-05
1.339524612271252e-09	0.94113	0.3378213	0.006331174	0.33828935	0.12312725	-4.8888496e-06
1.3541516559455627e-09	0.9411197	0.33785057	0.0062871245	0.33828935	0.12312725	1.440874e-05
1.368778863197997e-09	0.94109744	0.3379122	0.0063009807	0.33828935	0.12312725	5.1552156e-06
1.383406290767462e-09	0.9411021	0.33789858	0.006342648	0.33828935	0.12312725	-1.4391045e-05
1.3985209841180511e-09	0.94112027	0.33784822	0.0063392706	0.33828935	0.12312725	-4.666646e-06
1.4131482271754776e-09	0.94111556	0.33786196	0.0063159578	0.33828935	0.12312725	1.4639869e-05
1.427775578380967e-09	0.9411025	0.33789805	0.0063279234	0.33828935	0.12312725	4.9355326e-06
1.4424029804347425e-09	0.94111264	0.33786935	0.0063454676	0.33828935	0.12312725	-1.462772e-05
1.4570299036331988e-09	0.9411279	0.33782753	0.006316298	0.33828935	0.12312725	-5.206049e-06
1.4716576192439429e-09	0.9411144	0.33786547	0.0062834127	0.33828935	0.12312725	1.46112525e-05
1.4867728906574786e-09	0.94109267	0.33792567	0.006316467	0.33828935	0.12312725	4.7088784e-06
1.501400326374114e-09	0.9411036	0.3378942	0.006362882	0.33828935	0.12312725	-1.4864346e-05
1.516027882413549e-09	0.94112676	0.3378301	0.0063481764	0.33828935	0.12312725	-4.9814585e-06
1.5306555924837593e-09	0.9411219	0.33784446	0.0063045286	0.33828935	0.12312725	1.4853848e-05
1.5452831559509636e-09	0.941103	0.3378969	0.0063062073	0.33828935	0.12312725	5.254871e-06
1.5599101909837689e-09	0.9411071	0.3378848	0.0063325027	0.33828935	0.12312725	-1.483869e-05
1.5745379042824079e-09	0.94112134	0.33784524	0.006322337	0.33828935	0.12312725	-5.5303444e-06
1.5896529051491525e-09	0.9411112	0.33787417	0.0063011614	0.33828935	0.12312725	1.5095741e-05
1.6042803342639601e-09	0.94109535	0.33791763	0.00633068	0.33828935	0.12312725	5.0285066e-06
1.6189077784294524e-09	0.9411089	0.3378791	0.006364582	0.33828935	0.12312725	-1.5086488e-05
1.6335352204864758e-09	0.941131	0.33781844	0.0063355803	0.33828935	0.12312725	-5.3070576e-06
1.6481625271799323e-09	0.94112134	0.33784595	0.006286512	0.33828935	0.12312725	1.5072812e-05
1.6627899990665393e-09	0.9410977	0.33791184	0.00629721	0.33828935	0.12312725	5.587081e-06
1.6779047363498724e-09	0.94110185	0.33789915	0.0063437833	0.33828935	0.12312725	-1.5333715e-05
1.6925317083097705e-09	0.94112116	0.33784583	0.006341322	0.33828935	0.12312725	-5.0787344e-06
1.7071584635110972e-09	0.94111645	0.33785927	0.0063142735	0.33828935	0.12312725	1.5325339e-05
1.7217853991208597e-09	0.9411018	0.33789992	0.006325009	0.33828935	0.12312725	5.363908e-06
1.7364127389659535e-09	0.9411113	0.337873	0.0063456823	0.33828935	0.12312725	-1.531281e-05
1.7510398581481893e-09	0.9411276	0.33782792	0.006319384	0.33828935	0.12312725	-5.649197e-06
1.766154199575941e-09	0.9411149	0.33786407	0.0062845554	0.33828935	0.12312725	1.5577712e-05
1.780781465617587e-09	0.941093	0.33792424	0.0063123964	0.33828935	0.12312725	5.133188e-06
1.7954086469113455e-09	0.94110286	0.33789626	0.006359655	0.33828935	0.12312725	-1.5571266e-05
1.8100355649532429e-09	0.941126	0.33783206	0.0063476847	0.33828935	0.12312725	-5.4225325e-06
1.8246630700619428e-09	0.94112116	0.33784595	0.006305849	0.33828935	0.12312725	1.5560317e-05
1.8392899869736294e-09	0.9411025	0.3378983	0.0063087284	0.33828935	0.12312725	5.712792e-06
1.854405258840216e-09	0.9411076	0.33788362	0.006335576	0.33828935	0.12312725	-1.583018e-05
1.869032234976942e-09	0.9411228	0.3378416	0.006322841	0.33828935	0.12312725	-5.187629e-06
1.883659632222485e-09	0.94111264	0.33787024	0.0063005853	0.33828935	0.12312725	1.5825355e-05
1.898286931055444e-09	0.94109565	0.33791688	0.0063272007	0.33828935	0.12312725	5.4809666e-06
1.9129142566623723e-09	0.9411082	0.33788124	0.0063612033	0.33828935	0.12312725	-1.5816135e-05
1.9275416982889007e-09	0.9411298	0.33782145	0.006334609	0.33828935	0.12312725	-5.7757193e-06
1.9426563581294873e-09	0.94111997	0.33785012	0.0062900176	0.33828935	0.12312725	1.6090657e-05
1.957283352702233e-09	0.9410977	0.3379121	0.0063038003	0.33828935	0.12312725	5.243194e-06
1.971910661077743e-09	0.9411037	0.33789414	0.006343543	0.33828935	0.12312725	-1.6087553e-05
1.986538451215236e-09	0.94112253	0.33784175	0.0063358448	0.33828935	0.12312725	-5.540994e-06
2.0011654381016767e-09	0.9411156	0.33786145	0.0063080103	0.33828935	0.12312725	1.608013e-05
2.015792344856901e-09	0.94109917	0.33790708	0.0063243997	0.33828935	0.12312725	5.842485e-06
2.0304196954571944e-09	0.94110984	0.33787704	0.0063513345	0.33828935	0.12312725	-1.6067748e-05
2.045534669486839e-09	0.94112855	0.33782548	0.0063225836	0.33828935	0.12312725	-5.3001977e-06
2.0601616508997258e-09	0.94111586	0.3378615	0.00628689	0.33828935	0.12312725	1.6358204e-05
2.0747888437864853e-09	0.94109404	0.33792195	0.0063128457	0.33828935	0.12312725	5.60493e-06
2.089416171489223e-09	0.9411039	0.3378933	0.006357276	0.33828935	0.12312725	-1.635243e-05
2.104043328745488e-09	0.94112647	0.33783057	0.006341894	0.33828935	0.12312725	-5.910834e-06
2.1186708520325684e-09	0.94111955	0.33785066	0.006301084	0.33828935	0.12312725	1.6342057e-05
2.1337857835459365e-09	0.94109946	0.33790663	0.0063147023	0.33828935	0.12312725	5.3594244e-06
2.1484128975398124e-09	0.9411082	0.33788183	0.00634489	0.33828935	0.12312725	-1.6637905e-05
2.163039739769366e-09	0.94112617	0.33783188	0.0063250456	0.33828935	0.12312725	-5.6700756e-06
2.1776671261272605e-09	0.9411149	0.33786383	0.006293152	0.33828935	0.12312725	1.663387e-05
2.1922940119579555e-09	0.94109446	0.33792058	0.0063188127	0.33828935	0.12312725	5.981977e-06
2.2069211812111214e-09	0.9411055	0.33788878	0.0063599367	0.33828935	0.12312725	-1.662494e-05
2.2220361106441377e-09	0.94112927	0.33782297	0.006335955	0.33828935	0.12312725	-5.422042e-06
2.2366632864135715e-09	0.9411194	0.33785158	0.0062922114	0.33828935	0.12312725	1.6926442e-05
2.2512903559550503e-09	0.9410971	0.33791348	0.0063081635	0.33828935	0.12312725	5.7379057e-06
2.265917728329445e-09	0.94110507	0.33789062	0.0063476674	0.33828935	0.12312725	-1.6924549e-05
2.280545177774877e-09	0.9411254	0.33783406	0.006333633	0.33828935	0.12312725	-6.0546427e-06
2.2951722579186822e-09	0.94111663	0.33785897	0.0062991376	0.33828935	0.12312725	1.6917887e-05
2.3102870516849576e-09	0.9410958	0.33791658	0.0063205496	0.33828935	0.12312725	5.4856505e-06
2.324914342452141e-09	0.9411075	0.33788347	0.006357012	0.33828935	0.12312725	-1.7225198e-05
2.3395417038719287e-09	0.9411294	0.337823	0.00633299	0.33828935	0.12312725	-5.8066994e-06
2.3541688575502966e-09	0.94111896	0.33785284	0.006290056	0.33828935	0.12312725	1.722551e-05
2.3687960576140217e-09	0.94109577	0.33791688	0.0063077994	0.33828935	0.12312725	6.130321e-06
2.383423170896299e-09	0.9411037	0.3378939	0.006350272	0.33828935	0.12312725	-1.7220802e-05
2.398537965276592e-09	0.94112635	0.3378311	0.006336793	0.33828935	0.12312725	-5.5514997e-06
2.4131652092916065e-09	0.94111747	0.33785665	0.006299498	0.33828935	0.12312725	1.7534176e-05
2.4277928083984446e-09	0.94109714	0.33791286	0.0063169585	0.33828935	0.12312725	5.8783303e-06
2.442420375650561e-09	0.9411075	0.33788386	0.006352139	0.33828935	0.12312725	-1.7537199e-05
2.4570480174793046e-09	0.94112855	0.3378256	0.0063302177	0.33828935	0.12312725	-6.206614e-06
2.471676020020613e-09	0.94111776	0.33785617	0.006290417	0.33828935	0.12312725	1.7535647e-05
2.486303896900708e-09	0.94109464	0.33791965	0.0063109803	0.33828935	0.12312725	6.5357376e-06
2.5014193881996263e-09	0.9411041	0.33789292	0.006355372	0.33828935	0.12312725	-1.7856095e-05
2.5160467421071638e-09	0.941127	0.33782947	0.006339786	0.33828935	0.12312725	-5.9470926e-06
2.530674504321541e-09	0.94111896	0.33785272	0.0063001225	0.33828935	0.12312725	1.7861641e-05
2.545302413465649e-09	0.9410983	0.33791015	0.006314252	0.33828935	0.12312725	6.2809668e-06
2.5599299373177217e-09	0.9411073	0.33788407	0.0063476935	0.33828935	0.12312725	-1.7862443e-05
2.5745576723943343e-09	0.94112736	0.3378287	0.0063268463	0.33828935	0.12312725	-6.617845e-06
2.589672932670059e-09	0.94111556	0.33786207	0.006291641	0.33828935	0.12312725	1.8189137e-05
2.604300614651551e-09	0.9410936	0.33792272	0.006317422	0.33828935	0.12312725	6.018434e-06
2.6189281399975335e-09	0.94110537	0.3378892	0.006360298	0.33828935	0.12312725	-1.8197441e-05
2.633555435590051e-09	0.94112957	0.33782256	0.006338867	0.33828935	0.12312725	-6.3606635e-06
2.6481825661564787e-09	0.9411203	0.33784914	0.006293533	0.33828935	0.12312725	1.8200177e-05
2.662809925792159e-09	0.94109696	0.3379136	0.0063078622	0.33828935	0.12312725	6.705886e-06
2.6779247214341055e-09	0.9411056	0.33788884	0.006345749	0.33828935	0.12312725	-1.853321e-05
2.6925523954737224e-09	0.9411257	0.33783332	0.006329667	0.33828935	0.12312725	-6.096516e-06
2.7071798592791426e-09	0.9411149	0.33786383	0.0062979977	0.33828935	0.12312725	1.8544271e-05
2.7218073901587085e-09	0.94109476	0.33791983	0.0063238405	0.33828935	0.12312725	6.4454016e-06
2.736435015784505e-09	0.941108	0.33788186	0.0063615474	0.33828935	0.12312725	-1.8550261e-05
2.7510620036783738e-09	0.941132	0.3378158	0.006331954	0.33828935	0.12312725	-6.7975316e-06
2.7661767613975375e-09	0.94111854	0.33785373	0.006283637	0.33828935	0.12312725	1.8890241e-05
2.780803923504902e-09	0.94109315	0.33792415	0.0063065644	0.33828935	0.12312725	6.178015e-06
2.7954315255287903e-09	0.9411027	0.33789665	0.0063547296	0.33828935	0.12312725	-1.890405e-05
2.8100592074065213e-09	0.94112676	0.33783016	0.00634092	0.33828935	0.12312725	-6.533592e-06
2.8246870474682603e-09	0.94111854	0.3378538	0.006301412	0.33828935	0.12312725	1.8913226e-05
2.839314239930816e-09	0.94109726	0.33791247	0.0063177203	0.33828935	0.12312725	6.892313e-06
2.8539418966080863e-09	0.9411081	0.3378818	0.006351976	0.33828935	0.12312725	-1.8916708e-05
2.869057394053425e-09	0.9411303	0.3378205	0.006321931	0.33828935	0.12312725	-6.258613e-06
2.8836853434995993e-09	0.94111544	0.33786267	0.0062821996	0.33828935	0.12312725	1.9279045e-05
2.8983130681940765e-09	0.9410902	0.3379324	0.006314666	0.33828935	0.12312725	6.6209454e-06
2.9129409194164663e-09	0.9411031	0.33789563	0.006367478	0.33828935	0.12312725	-1.9291472e-05
2.927568436879375e-09	0.9411309	0.33781838	0.0063467454	0.33828935	0.12312725	-6.986701e-06
2.942195571439481e-09	0.9411228	0.33784187	0.0062937345	0.33828935	0.12312725	1.9297946e-05
2.957310019614758e-09	0.94109666	0.33791462	0.006305394	0.33828935	0.12312725	6.3440993e-06
2.9719371007946586e-09	0.941105	0.33789045	0.006345796	0.33828935	0.12312725	-1.9667166e-05
2.98656426887582e-09	0.94112647	0.337831	0.0063293725	0.33828935	0.12312725	-6.7172828e-06
3.0011912228823507e-09	0.94111514	0.33786342	0.0062953574	0.33828935	0.12312725	1.9681871e-05
3.015818290039709e-09	0.941093	0.3379247	0.006323281	0.33828935	0.12312725	7.0939122e-06
3.0304451831414707e-09	0.9411069	0.337885	0.0063659097	0.33828935	0.12312725	-1.9691024e-05
3.045559660563564e-09	0.9411343	0.33780912	0.006333781	0.33828935	0.12312725	-6.439349e-06
3.060185947055751e-09	0.9411209	0.33784756	0.00627897	0.33828935	0.12312725	2.0068619e-05
3.074812800159469e-09	0.9410923	0.33792686	0.0062999465	0.33828935	0.12312725	6.8231734e-06
3.0894393861582358e-09	0.94110066	0.3379025	0.0063539217	0.33828935	0.12312725	-2.0086263e-05
3.1040662076362444e-09	0.9411263	0.33783123	0.006344495	0.33828935	0.12312725	-7.209572e-06
3.1186931849633337e-09	0.94111913	0.33785203	0.0063041486	0.33828935	0.12312725	2.0098647e-05
3.1338076334100446e-09	0.9410968	0.33791402	0.006318623	0.33828935	0.12312725	6.5420877e-06
3.1484343517037015e-09	0.9411087	0.33788	0.0063527036	0.33828935	0.12312725	-2.0486032e-05
3.1630606159121486e-09	0.9411312	0.3378181	0.006323629	0.33828935	0.12312725	-6.934935e-06
3.1776877008835895e-09	0.94111633	0.33786005	0.006281064	0.33828935	0.12312725	2.0507287e-05
3.192314214567288e-09	0.94108975	0.33793393	0.006312742	0.33828935	0.12312725	7.329773e-06
3.2069411888121445e-09	0.94110227	0.33789763	0.006367334	0.33828935	0.12312725	-2.0523032e-05
3.2220555500547116e-09	0.9411316	0.33781618	0.0063467813	0.33828935	0.12312725	-6.649189e-06
3.236682485215751e-09	0.94112235	0.33784315	0.006293155	0.33828935	0.12312725	2.0920525e-05
3.2513086744455226e-09	0.94109654	0.33791485	0.0063048885	0.33828935	0.12312725	7.0507954e-06
3.2659352583144664e-09	0.94110507	0.33789057	0.00634554	0.33828935	0.12312725	-2.0945272e-05
3.2805619444954703e-09	0.94112736	0.33782884	0.006328182	0.33828935	0.12312725	-7.4556197e-06
3.295188999615424e-09	0.941115	0.33786356	0.006293317	0.33828935	0.12312725	2.0965077e-05
3.3103040475121274e-09	0.94109184	0.3379278	0.0063243373	0.33828935	0.12312725	6.759477e-06
3.3249313165683843e-09	0.9411074	0.33788344	0.006367384	0.33828935	0.12312725	-2.1373915e-05
3.339558807291372e-09	0.9411344	0.33780867	0.006334047	0.33828935	0.12312725	-7.166834e-06
3.354185902335008e-09	0.9411206	0.33784795	0.0062794215	0.33828935	0.12312725	2.140436e-05
3.3688131097679875e-09	0.94109166	0.3379289	0.006302515	0.33828935	0.12312725	7.578991e-06
3.383439973379478e-09	0.9411015	0.33790025	0.0063567115	0.33828935	0.12312725	-2.1428732e-05
3.3980670503891028e-09	0.9411285	0.33782527	0.0063419053	0.33828935	0.12312725	-7.99571e-06
3.4131814999010296e-09	0.94111794	0.3378551	0.00629846	0.33828935	0.12312725	2.1847918e-05
3.427808448367811e-09	0.94109464	0.3379199	0.006319797	0.33828935	0.12312725	7.289045e-06
3.4424351841206507e-09	0.9411082	0.33788142	0.006357988	0.33828935	0.12312725	-2.1882312e-05
3.4570618944016125e-09	0.9411332	0.33781257	0.0063257595	0.33828935	0.12312725	-7.713304e-06
3.4716889878187593e-09	0.94111776	0.33785668	0.006277803	0.33828935	0.12312725	2.1911024e-05
3.4863152774728376e-09	0.94108844	0.33793727	0.006310361	0.33828935	0.12312725	8.141688e-06
3.5014296656652026e-09	0.94110316	0.33789515	0.006368856	0.33828935	0.12312725	-2.2341279e-05
3.516056413881464e-09	0.9411328	0.33781317	0.006343579	0.33828935	0.12312725	-7.420665e-06
3.5306833215372585e-09	0.94112146	0.33784562	0.00628884	0.33828935	0.12312725	2.2380584e-05
3.5453096558807276e-09	0.9410936	0.3379229	0.0063071684	0.33828935	0.12312725	7.856056e-06
3.5599363159378766e-09	0.9411045	0.33789197	0.0063542393	0.33828935	0.12312725	-2.2413467e-05
3.574562986586257e-09	0.9411307	0.3378195	0.006332127	0.33828935	0.12312725	-8.295471e-06
3.589677208051306e-09	0.94111603	0.3378608	0.006285713	0.33828935	0.12312725	2.2856431e-05
3.604303720824991e-09	0.9410892	0.33793464	0.0063188616	0.33828935	0.12312725	7.5598587e-06
3.618930438931483e-09	0.9411049	0.33789006	0.006370388	0.33828935	0.12312725	-2.2900676e-05
3.633557306856092e-09	0.9411351	0.33780682	0.0063391887	0.33828935	0.12312725	-8.005598e-06
3.64818399494539e-09	0.94112206	0.33784452	0.00628031	0.33828935	0.12312725	2.2939268e-05
3.6628116301042973e-09	0.9410911	0.33793002	0.0063021164	0.33828935	0.12312725	8.454043e-06
3.6779263565912977e-09	0.9411028	0.33789656	0.006360301	0.33828935	0.12312725	-2.339669e-05
3.6925537112616533e-09	0.9411312	0.33781764	0.006338799	0.33828935	0.12312725	-7.698802e-06
3.7071806764270274e-09	0.94111896	0.33785284	0.0062898924	0.33828935	0.12312725	2.3447665e-05
3.721808084889564e-09	0.94109136	0.33792898	0.006314887	0.33828935	0.12312725	8.1542985e-06
3.736435361465355e-09	0.9411052	0.3378897	0.006363736	0.33828935	0.12312725	-2.349308e-05
3.751062415794065e-09	0.9411342	0.33780935	0.006334849	0.33828935	0.12312725	-8.614708e-06
3.766177102381602e-09	0.94111955	0.33785146	0.0062774387	0.33828935	0.12312725	2.3963814e-05
3.780804416172035e-09	0.9410886	0.3379368	0.0063070455	0.33828935	0.12312725	7.842507e-06
3.795431182138459e-09	0.94110185	0.33789882	0.006365327	0.33828935	0.12312725	-2.4020957e-05
3.810058659139229e-09	0.94113237	0.33781406	0.0063430504	0.33828935	0.12312725	-8.3106315e-06
3.8246858978594976e-09	0.9411209	0.33784732	0.0062892055	0.33828935	0.12312725	2.4072728e-05
3.839313360026209e-09	0.94109213	0.33792725	0.0063105864	0.33828935	0.12312725	8.78271e-06
3.854428462266416e-09	0.9411052	0.33788973	0.006361297	0.33828935	0.12312725	-2.455892e-05
3.869055968633856e-09	0.9411339	0.33781046	0.006332739	0.33828935	0.12312725	-7.990973e-06
3.883683967530911e-09	0.9411187	0.33785337	0.006280766	0.33828935	0.12312725	2.4624265e-05
3.89831088731621e-09	0.9410883	0.33793753	0.0063110706	0.33828935	0.12312725	8.470274e-06
3.912938416854587e-09	0.94110256	0.3378967	0.006368153	0.33828935	0.12312725	-2.4682775e-05
3.9275658511640055e-09	0.9411341	0.33780932	0.00634206	0.33828935	0.12312725	-8.954932e-06
3.942193121706476e-09	0.94112176	0.33784503	0.0062849233	0.33828935	0.12312725	2.4735475e-05
3.957308299227245e-09	0.94109106	0.33793056	0.006307894	0.33828935	0.12312725	8.144738e-06
3.9719362344655285e-09	0.9411041	0.33789277	0.0063597276	0.33828935	0.12312725	-2.525729e-05
3.9865640621403044e-09	0.941133	0.33781242	0.006333219	0.33828935	0.12312725	-8.635377e-06
4.00119119599599e-09	0.9411181	0.33785504	0.00628281	0.33828935	0.12312725	2.532385e-05
4.015818938472562e-09	0.94108784	0.33793882	0.0063151494	0.33828935	0.12312725	9.134262e-06
4.030446710081415e-09	0.9411037	0.3378937	0.0063719214	0.33828935	0.12312725	-2.538493e-05
4.045562109412218e-09	0.9411366	0.3378028	0.006338268	0.33828935	0.12312725	-8.302268e-06
4.060189641250102e-09	0.94112146	0.33784616	0.0062782555	0.33828935	0.12312725	2.5923859e-05
4.074817321220287e-09	0.94108886	0.33793637	0.0063051605	0.33828935	0.12312725	8.808748e-06
4.0894446362786524e-09	0.9411021	0.33789814	0.006363019	0.33828935	0.12312725	-2.599876e-05
4.10407202492487e-09	0.9411334	0.3378117	0.0063382736	0.33828935	0.12312725	-9.322908e-06
4.11869955924116e-09	0.9411194	0.33785152	0.0062849442	0.33828935	0.12312725	2.6067533e-05
4.133814155934322e-09	0.9410886	0.3379368	0.0063180537	0.33828935	0.12312725	8.473054e-06
4.148440760011872e-09	0.9411061	0.3378872	0.0063705146	0.33828935	0.12312725	-2.662339e-05
4.1630678830797955e-09	0.9411382	0.33779854	0.0063326852	0.33828935	0.12312725	-8.99896e-06
4.177694896073795e-09	0.94112056	0.33784854	0.0062707267	0.33828935	0.12312725	2.6706366e-05
4.192321610905688e-09	0.9410852	0.33794612	0.006304334	0.33828935	0.12312725	9.531609e-06
4.206949052936032e-09	0.94109976	0.33790448	0.0063719093	0.33828935	0.12312725	-2.6783206e-05
4.222063925016345e-09	0.9411356	0.33780545	0.0063438714	0.33828935	0.12312725	-8.659675e-06
4.2366912136117915e-09	0.94112134	0.33784604	0.0062842043	0.33828935	0.12312725	2.7360158e-05
4.251317926229351e-09	0.94108945	0.33793473	0.0063106455	0.33828935	0.12312725	9.201031e-06
4.26594595437042e-09	0.94110477	0.33789092	0.0063648303	0.33828935	0.12312725	-2.745346e-05
4.280573443517391e-09	0.9411366	0.3378026	0.0063311947	0.33828935	0.12312725	-9.745175e-06
4.295200583197325e-09	0.94111913	0.33785257	0.0062727644	0.33828935	0.12312725	2.7540555e-05
4.309828203079836e-09	0.9410838	0.33794984	0.0063103316	0.33828935	0.12312725	1.0298821e-05
4.3249434230356475e-09	0.94110227	0.3378974	0.0063816	0.33828935	0.12312725	-2.8139671e-05
4.339570692354146e-09	0.9411397	0.33779374	0.0063463375	0.33828935	0.12312725	-9.406211e-06
4.3541978588735195e-09	0.94112456	0.33783713	0.006274575	0.33828935	0.12312725	2.8243412e-05
4.3688250811398145e-09	0.94108784	0.3379391	0.006298171	0.33828935	0.12312725	9.971375e-06
4.383451911855654e-09	0.9411005	0.3379031	0.006361977	0.33828935	0.12312725	-2.8340632e-05
4.398078751883063e-09	0.941134	0.33780992	0.006339489	0.33828935	0.12312725	-1.0546566e-05
4.413192990738249e-09	0.9411184	0.3378544	0.006281522	0.33828935	0.12312725	2.8961153e-05
4.427819861415314e-09	0.94108564	0.33794522	0.006318044	0.33828935	0.12312725	9.634324e-06
4.442446252696882e-09	0.94110477	0.33789062	0.006378192	0.33828935	0.12312725	-2.9075274e-05
4.457073024796112e-09	0.94114125	0.3377896	0.006337302	0.33828935	0.12312725	-1.0222193e-05
4.471700241528182e-09	0.9411232	0.33784118	0.0062653404	0.33828935	0.12312725	2.9184019e-05
4.4863269034297386e-09	0.9410836	0.3379508	0.006297471	0.33828935	0.12312725	1.0816321e-05
4.501441834288697e-09	0.94109845	0.33790833	0.0063744457	0.33828935	0.12312725	-2.9830337e-05
4.516069331763801e-09	0.9411364	0.3378029	0.00635023	0.33828935	0.12312725	-9.874993e-06
4.5306968602072106e-09	0.94112295	0.3378416	0.0062854425	0.33828935	0.12312725	2.9959128e-05
4.545323770121114e-09	0.9410886	0.3379367	0.0063099777	0.33828935	0.12312725	1.0479053e-05
4.55995068101083e-09	0.9411046	0.33789122	0.006365885	0.33828935	0.12312725	-3.008061e-05
4.5745779944302066e-09	0.9411388	0.33779687	0.006329362	0.33828935	0.12312725	-1.1092937e-05
4.5896926623358335e-09	0.94111836	0.33785462	0.0062668486	0.33828935	0.12312725	3.075446e-05
4.6043194874676805e-09	0.9410806	0.33795905	0.006311448	0.33828935	0.12312725	1.01281075e-05
4.618946725887573e-09	0.9411005	0.33790234	0.0063856845	0.33828935	0.12312725	-3.0896404e-05
4.633574193025827e-09	0.9411416	0.33778867	0.006349958	0.33828935	0.12312725	-1.0752822e-05
4.648201365559781e-09	0.941126	0.3378335	0.0062728315	0.33828935	0.12312725	3.1033105e-05
4.662829127005186e-09	0.9410863	0.33794338	0.006297355	0.33828935	0.12312725	1.1386653e-05
4.677944395304159e-09	0.9411011	0.33790135	0.0063643875	0.33828935	0.12312725	-3.173749e-05
4.692571724832959e-09	0.9411366	0.3378031	0.006336278	0.33828935	0.12312725	-1.03901e-05
4.7071995524498305e-09	0.94111854	0.33785424	0.006278592	0.33828935	0.12312725	3.1896485e-05
4.721827823861704e-09	0.9410828	0.3379526	0.0063196393	0.33828935	0.12312725	1.1033078e-05
4.736454905238793e-09	0.9411043	0.3378915	0.006384571	0.33828935	0.12312725	-3.2050077e-05
4.75108246406027e-09	0.94114476	0.33778003	0.0063376687	0.33828935	0.12312725	-1.1691711e-05
4.765710054131589e-09	0.94112444	0.33783814	0.0062578847	0.33828935	0.12312725	3.219766e-05
4.780825086064386e-09	0.9410801	0.33796063	0.0062987288	0.33828935	0.12312725	1.0665188e-05
4.795451936557936e-09	0.94109786	0.3379098	0.0063788947	0.33828935	0.12312725	-3.296144e-05
4.81007899006748e-09	0.9411394	0.33779478	0.0063499324	0.33828935	0.12312725	-1.134044e-05
4.824705788032268e-09	0.94112355	0.33784026	0.006278758	0.33828935	0.12312725	3.313093e-05
4.839332370900468e-09	0.9410848	0.33794728	0.0063094646	0.33828935	0.12312725	1.2029194e-05
4.853959702114404e-09	0.9411033	0.33789474	0.0063746003	0.33828935	0.12312725	-3.3294735e-05
4.869073950271174e-09	0.94114304	0.33778515	0.0063284785	0.33828935	0.12312725	-1.09750745e-05
4.883700864760637e-09	0.94111955	0.33785173	0.006258992	0.33828935	0.12312725	3.409419e-05
4.898327949530774e-09	0.941077	0.3379694	0.006309094	0.33828935	0.12312725	1.1676754e-05
4.912955178829311e-09	0.94109887	0.3379067	0.0063929656	0.33828935	0.12312725	-3.4283792e-05
4.9275823265316274e-09	0.94114506	0.33777896	0.0063531436	0.33828935	0.12312725	-1.2389718e-05
4.942209145965481e-09	0.94112766	0.33782873	0.006265932	0.33828935	0.12312725	3.446746e-05
4.9573229999442585e-09	0.941082	0.3379557	0.00629848	0.33828935	0.12312725	1.130584e-05
4.971949924521873e-09	0.94110006	0.33790386	0.006374067	0.33828935	0.12312725	-3.5306442e-05
4.9865765744204364e-09	0.94114125	0.3377899	0.006339144	0.33828935	0.12312725	-1.203802e-05
5.00120333006839e-09	0.9411209	0.3378476	0.0062685763	0.33828935	0.12312725	3.551668e-05
5.015830267073115e-09	0.9410788	0.337964	0.0063126558	0.33828935	0.12312725	1.278359e-05
5.0304569480384325e-09	0.9411011	0.33790064	0.006390734	0.33828935	0.12312725	-3.572194e-05
5.045570928276388e-09	0.94114834	0.3377699	0.006340614	0.33828935	0.12312725	-1.16648325e-05
5.0601973023198325e-09	0.94112515	0.33783633	0.0062528537	0.33828935	0.12312725	3.6604495e-05
5.074824160494828e-09	0.9410772	0.33796918	0.006294818	0.33828935	0.12312725	1.2429736e-05
5.0894505580181725e-09	0.94109625	0.33791438	0.0063842647	0.33828935	0.12312725	-3.6838883e-05
5.1040772963867175e-09	0.94114274	0.33778507	0.006352302	0.33828935	0.12312725	-1.32101695e-05
5.1187033761492545e-09	0.94112515	0.33783552	0.0062714927	0.33828935	0.12312725	3.706772e-05
5.1338171419415456e-09	0.9410798	0.33796158	0.006308111	0.33828935	0.12312725	1.2057623e-05
5.148443015707249e-09	0.9411021	0.33789802	0.0063842023	0.33828935	0.12312725	-3.7998096e-05
5.163069272792758e-09	0.94114697	0.3377739	0.006337144	0.33828935	0.12312725	-1.28612055e-05
5.177695815049126e-09	0.94112325	0.33784148	0.00625424	0.33828935	0.12312725	3.825913e-05
5.192322351704776e-09	0.94107497	0.3379753	0.0063019795	0.33828935	0.12312725	1.3677583e-05
5.206949048393217e-09	0.94109666	0.3379127	0.0063935583	0.33828935	0.12312725	-3.8516348e-05
5.222063100449651e-09	0.94114786	0.3377709	0.006351983	0.33828935	0.12312725	-1.2482041e-05
5.236690151863606e-09	0.94112664	0.33783165	0.0062610167	0.33828935	0.12312725	3.9502807e-05
5.2513174116015005e-09	0.9410785	0.33796552	0.0062983315	0.33828935	0.12312725	1.3313883e-05
5.265944829314531e-09	0.94109905	0.3379066	0.0063820477	0.33828935	0.12312725	-3.9797644e-05
5.280571813494474e-09	0.94114584	0.33777675	0.006341095	0.33828935	0.12312725	-1.4163555e-05
5.295199339225669e-09	0.9411232	0.33784154	0.006258966	0.33828935	0.12312725	4.0088726e-05
5.30982684005003e-09	0.94107455	0.33797616	0.0063072355	0.33828935	0.12312725	1.5029296e-05
5.324942049344097e-09	0.94109976	0.33790413	0.0063974024	0.33828935	0.12312725	-4.113702e-05
5.3395696137477785e-09	0.94115067	0.33776313	0.006346555	0.33828935	0.12312725	-1.3785795e-05
5.354196842852643e-09	0.94112676	0.3378317	0.006251573	0.33828935	0.12312725	4.1467847e-05
5.3688245392147265e-09	0.94107455	0.3379763	0.006295877	0.33828935	0.12312725	1.4675444e-05
5.383451745703104e-09	0.9410965	0.3379136	0.0063898587	0.33828935	0.12312725	-4.1796222e-05
5.398079098592028e-09	0.94114786	0.33777103	0.0063483305	0.33828935	0.12312725	-1.5587442e-05
5.413193802521862e-09	0.9411238	0.33783978	0.006258458	0.33828935	0.12312725	4.2909796e-05
5.42782097211177e-09	0.9410738	0.33797815	0.006307872	0.33828935	0.12312725	1.4301936e-05
5.442447869591325e-09	0.94110006	0.33790347	0.006397289	0.33828935	0.12312725	-4.328033e-05
5.457074746758633e-09	0.94115275	0.3377577	0.0063427673	0.33828935	0.12312725	-1.5243404e-05
5.471701548396507e-09	0.94112647	0.33783272	0.0062444042	0.33828935	0.12312725	4.3648495e-05
5.486328031205725e-09	0.9410704	0.33798766	0.0062957862	0.33828935	0.12312725	1.6210255e-05
5.501442184658202e-09	0.94109666	0.33791262	0.0064001153	0.33828935	0.12312725	-4.4834556e-05
5.516068769491779e-09	0.9411517	0.3377602	0.00635074	0.33828935	0.12312725	-1.4881301e-05
5.530695759407596e-09	0.94112676	0.3378318	0.006252329	0.33828935	0.12312725	4.5250777e-05
5.545322417111711e-09	0.94107217	0.337983	0.006301182	0.33828935	0.12312725	1.5875183e-05
5.559949249993775e-09	0.94109803	0.3379092	0.006398249	0.33828935	0.12312725	-4.5666355e-05
5.5745759059628745e-09	0.9411539	0.33775446	0.006344733	0.33828935	0.12312725	-1.6895607e-05
5.589690041503644e-09	0.94112414	0.3378389	0.0062410496	0.33828935	0.12312725	4.693717e-05
5.604316358699746e-09	0.94106674	0.33799767	0.0063020163	0.33828935	0.12312725	1.5515921e-05
5.618943535217815e-09	0.94109577	0.33791506	0.0064100167	0.33828935	0.12312725	-4.7406844e-05
5.633570176857477e-09	0.9411562	0.33774796	0.0063551604	0.33828935	0.12312725	-1.6566553e-05
5.648196857418703e-09	0.94113016	0.33782238	0.0062436536	0.33828935	0.12312725	4.7877358e-05
5.662823912386921e-09	0.94106966	0.33798996	0.0062913275	0.33828935	0.12312725	1.7646465e-05
5.677938380592518e-09	0.9410971	0.33791175	0.00640144	0.33828935	0.12312725	-4.924535e-05
5.69256503757904e-09	0.94115525	0.33775023	0.0063454597	0.33828935	0.12312725	-1.620709e-05
5.707191503678828e-09	0.94112575	0.3378346	0.0062411926	0.33828935	0.12312725	4.977666e-05
5.721818488417109e-09	0.94106525	0.33800182	0.006302241	0.33828935	0.12312725	1.7323973e-05
5.736445241332006e-09	0.94109553	0.3379156	0.006414494	0.33828935	0.12312725	-5.0312363e-05
5.751072284426764e-09	0.9411599	0.33773774	0.0063547078	0.33828935	0.12312725	-1.8471545e-05
5.76618657674687e-09	0.9411292	0.33782518	0.0062306956	0.33828935	0.12312725	5.1789553e-05
5.780813827816609e-09	0.94106406	0.33800557	0.0062895417	0.33828935	0.12312725	1.6968992e-05
5.7954408610770625e-09	0.94109267	0.33792377	0.0064087175	0.33828935	0.12312725	-5.239591e-05
5.8100682769391705e-09	0.9411571	0.33774513	0.0063564344	0.33828935	0.12312725	-1.8152654e-05
5.8246954247163856e-09	0.9411292	0.33782503	0.0062430445	0.33828935	0.12312725	5.300906e-05
5.83932234042887e-09	0.94106555	0.3380015	0.0062988885	0.33828935	0.12312725	1.9375255e-05
5.8539496484921915e-09	0.9410955	0.33791584	0.0064121694	0.33828935	0.12312725	-5.3628188e-05
5.869064923212473e-09	0.9411631	0.33772886	0.006345734	0.33828935	0.12312725	-1.780033e-05
5.883692551206755e-09	0.9411288	0.33782664	0.006224008	0.33828935	0.12312725	5.530757e-05
5.8983199319231005e-09	0.9410591	0.33801928	0.006291239	0.33828935	0.12312725	1.9062127e-05
5.912947602219785e-09	0.94109076	0.3379287	0.0064216075	0.33828935	0.12312725	-5.6011755e-05
5.9275745473975296e-09	0.9411622	0.33773085	0.0063638925	0.33828935	0.12312725	-2.0368103e-05
5.94220177580125e-09	0.9411336	0.33781305	0.0062351706	0.33828935	0.12312725	5.6724573e-05
5.957316460484622e-09	0.94106233	0.3380105	0.006291831	0.33828935	0.12312725	1.8724631e-05
5.971943912005058e-09	0.94109446	0.33791846	0.006412422	0.33828935	0.12312725	-5.8556972e-05
5.986571144752582e-09	0.94116324	0.33772835	0.0063470392	0.33828935	0.12312725	-2.0081114e-05
6.00119815704876e-09	0.9411282	0.3378284	0.0062248665	0.33828935	0.12312725	5.9366666e-05
6.015825446251214e-09	0.9410559	0.3380282	0.0062988168	0.33828935	0.12312725	2.1488118e-05
6.030452614814573e-09	0.941092	0.33792531	0.006433598	0.33828935	0.12312725	-6.0192193e-05
6.045567392830974e-09	0.94117016	0.3377089	0.006357538	0.33828935	0.12312725	-1.976583e-05
6.0601949233737065e-09	0.9411337	0.33781317	0.006215762	0.33828935	0.12312725	6.2206636e-05
6.074822438730059e-09	0.9410558	0.33802876	0.006282743	0.33828935	0.12312725	2.1226619e-05
6.0894495067101315e-09	0.9410892	0.3379328	0.006422809	0.33828935	0.12312725	-6.314621e-05
6.104076502982243e-09	0.9411661	0.33771977	0.0063593113	0.33828935	0.12312725	-2.2749675e-05
6.118703616806914e-09	0.9411318	0.33781797	0.006224671	0.33828935	0.12312725	6.410649e-05
6.13381880032418e-09	0.941054	0.33803347	0.0063018138	0.33828935	0.12312725	2.093918e-05
6.148446150894807e-09	0.94109505	0.33791643	0.006435911	0.33828935	0.12312725	-6.633692e-05
6.163073927159503e-09	0.94117475	0.33769608	0.0063494225	0.33828935	0.12312725	-2.2523081e-05
6.177701307148172e-09	0.9411328	0.33781588	0.006200146	0.33828935	0.12312725	6.743518e-05
6.192328587729481e-09	0.94104695	0.33805332	0.0062834234	0.33828935	0.12312725	2.417535e-05
6.206956053775752e-09	0.94108564	0.33794278	0.006444913	0.33828935	0.12312725	-6.856314e-05
6.2220707390805406e-09	0.941175	0.33769512	0.006366267	0.33828935	0.12312725	-2.2271859e-05
6.2366978202408675e-09	0.9411352	0.33780864	0.0062112943	0.33828935	0.12312725	7.1049944e-05
6.251324866071559e-09	0.9410499	0.3380452	0.006286914	0.33828935	0.12312725	2.4008461e-05
6.2659522240878495e-09	0.9410904	0.3379294	0.006437437	0.33828935	0.12312725	-7.2340175e-05
6.280578655190797e-09	0.94117695	0.33768967	0.00635371	0.33828935	0.12312725	-2.5824756e-05
6.295205712674243e-09	0.9411336	0.33781376	0.006196894	0.33828935	0.12312725	7.366999e-05
6.30983267609711e-09	0.94104147	0.33806846	0.0062878486	0.33828935	0.12312725	2.7721751e-05
6.324947430423266e-09	0.9410892	0.3379323	0.0064636287	0.33828935	0.12312725	-7.647139e-05
6.339574207026359e-09	0.941185	0.33766693	0.006367258	0.33828935	0.12312725	-2.5734878e-05
6.354201068928032e-09	0.9411398	0.33779642	0.006187166	0.33828935	0.12312725	7.800136e-05
6.368828321685401e-09	0.9410408	0.33807066	0.0062712748	0.33828935	0.12312725	2.7737198e-05
6.383455191922251e-09	0.9410827	0.33795092	0.0064508556	0.33828935	0.12312725	-7.959092e-05
6.398082332906671e-09	0.9411815	0.33767712	0.0063712536	0.33828935	0.12312725	-2.9839652e-05
6.413196692599739e-09	0.941135	0.33780986	0.0061923256	0.33828935	0.12312725	8.2780556e-05
6.427823649531904e-09	0.9410367	0.33808166	0.006290742	0.33828935	0.12312725	2.7747295e-05
6.442450470357023e-09	0.94108784	0.3379361	0.006468828	0.33828935	0.12312725	-8.4618274e-05
6.457077621030029e-09	0.94119203	0.337648	0.006363497	0.33828935	0.12312725	-2.997981e-05
6.471704152519725e-09	0.94114083	0.33779395	0.006168889	0.33828935	0.12312725	8.653651e-05
6.486330511943858e-09	0.94103	0.3381006	0.0062692673	0.33828935	0.12312725	3.2343818e-05
6.5014448151179045e-09	0.9410818	0.3379527	0.0064798906	0.33828935	0.12312725	-9.021274e-05
6.516071687426268e-09	0.9411938	0.33764246	0.006378853	0.33828935	0.12312725	-3.0138133e-05
6.530698385360861e-09	0.9411429	0.337788	0.006175855	0.33828935	0.12312725	9.244774e-05
6.5453254029936e-09	0.94103	0.33810043	0.0062739034	0.33828935	0.12312725	3.265663e-05
6.559952567770533e-09	0.9410822	0.33795184	0.006474737	0.33828935	0.12312725	-9.4798444e-05
6.574579352246364e-09	0.94119763	0.3376321	0.0063680834	0.33828935	0.12312725	-3.532416e-05
6.589694244701956e-09	0.94113845	0.3378008	0.0061553637	0.33828935	0.12312725	9.9106896e-05
6.604321465861924e-09	0.9410186	0.33813253	0.0062801703	0.33828935	0.12312725	3.298693e-05
6.618948966803925e-09	0.94108	0.33795708	0.0065028034	0.33828935	0.12312725	-0.00010187421
6.633575725592562e-09	0.9412073	0.33760476	0.006381354	0.33828935	0.12312725	-3.585733e-05
6.64820299854749e-09	0.9411483	0.3377734	0.0061459	0.33828935	0.12312725	0.00010480146
6.66283000059635e-09	0.94101644	0.33813858	0.0062597035	0.33828935	0.12312725	3.8920174e-05
6.677944565212744e-09	0.94107836	0.3379618	0.0065013324	0.33828935	0.12312725	-0.000109938206
6.692571110971248e-09	0.9412102	0.3375968	0.0063764895	0.33828935	0.12312725	-3.646804e-05
6.707198266480293e-09	0.9411445	0.3377839	0.006140216	0.33828935	0.12312725	0.000113421374
6.7218251623590315e-09	0.9410079	0.33816215	0.0062744324	0.33828935	0.12312725	3.9804545e-05
6.736452378242776e-09	0.9410767	0.33796594	0.0065233745	0.33828935	0.12312725	-0.00011714341
6.7510796660451384e-09	0.941222	0.33756384	0.00638153	0.33828935	0.12312725	-4.338789e-05
6.7657067563868815e-09	0.9411527	0.33776242	0.006112001	0.33828935	0.12312725	0.00012113304
6.780821615908401e-09	0.9409963	0.33819485	0.006262499	0.33828935	0.12312725	4.0804378e-05
6.795448548039875e-09	0.94107157	0.33798003	0.0065403655	0.33828935	0.12312725	-0.00012790876
6.8100759351109554e-09	0.94122916	0.33754358	0.006392072	0.33828935	0.12312725	-4.4758326e-05
6.8247032118202526e-09	0.9411542	0.33775786	0.006105073	0.33828935	0.12312725	0.00013276862
6.839330713519638e-09	0.94099027	0.33821145	0.0062561766	0.33828935	0.12312725	4.904818e-05
6.853958071539714e-09	0.9410675	0.3379906	0.0065540327	0.33828935	0.12312725	-0.0001380378
6.869072896594161e-09	0.9412422	0.3375077	0.006380753	0.33828935	0.12312725	-4.6362078e-05
6.883700189094473e-09	0.941153	0.33776188	0.0060733147	0.33828935	0.12312725	0.00014662309
6.8983275445008455e-09	0.94097316	0.33825874	0.0062562837	0.33828935	0.12312725	5.11773e-05
6.91295534141499e-09	0.94106394	0.33800036	0.006589141	0.33828935	0.12312725	-0.00015318344
6.927582684058922e-09	0.94125587	0.33746892	0.006406134	0.33828935	0.12312725	-5.6470428e-05
6.942209990025646e-09	0.94116575	0.33772668	0.0060510966	0.33828935	0.12312725	0.00016039648
6.957324454059449e-09	0.94095993	0.338296	0.00624897	0.33828935	0.12312725	5.3757478e-05
6.971952033469109e-09	0.9410622	0.33800456	0.0066102915	0.33828935	0.12312725	-0.00017171868
6.986578932779643e-09	0.9412713	0.3374258	0.0064019044	0.33828935	0.12312725	-5.9852355e-05
7.001206489635464e-09	0.9411653	0.3377287	0.0060185697	0.33828935	0.12312725	0.00018096791
7.015833696033027e-09	0.9409413	0.33834827	0.0062383404	0.33828935	0.12312725	6.6676315e-05
7.03046137838265e-09	0.9410515	0.33803377	0.0066523715	0.33828935	0.12312725	-0.00019134473
7.045576429781911e-09	0.9412968	0.33735502	0.00640525	0.33828935	0.12312725	-6.408321e-05
7.0602041675393604e-09	0.9411705	0.33771506	0.005968747	0.33828935	0.12312725	0.00020713039
7.074831960315822e-09	0.94091576	0.33841938	0.0062270924	0.33828935	0.12312725	7.218126e-05
7.089459410428433e-09	0.94104546	0.33804956	0.0066975607	0.33828935	0.12312725	-0.00022102156
7.104087138715784e-09	0.9413195	0.3372909	0.0064305603	0.33828935	0.12312725	-8.149516e-05
7.118714678555601e-09	0.9411843	0.3376771	0.0059255254	0.33828935	0.12312725	0.00023703754
7.133829711658765e-09	0.94088286	0.33851054	0.0062315497	0.33828935	0.12312725	7.949611e-05
7.14845732569794e-09	0.94104314	0.33805445	0.0067660823	0.33828935	0.12312725	-0.0002608706
7.163084807860372e-09	0.94136095	0.33717513	0.006429425	0.33828935	0.12312725	-9.117882e-05
7.177711851746158e-09	0.9411906	0.33766085	0.0058390065	0.33828935	0.12312725	0.000283733
7.1923396488088184e-09	0.9408389	0.33863372	0.006198963	0.33828935	0.12312725	0.00010514068
7.206967720452685e-09	0.9410202	0.33811677	0.0068534855	0.33828935	0.12312725	-0.0003112569
7.2215955272882436e-09	0.9414105	0.33703592	0.006466984	0.33828935	0.12312725	-0.00012208158
7.236711025090574e-09	0.94119936	0.33763865	0.0057313982	0.33828935	0.12312725	0.00035211875
7.2513391909338685e-09	0.9407718	0.3388202	0.0061970563	0.33828935	0.12312725	0.00012418647
7.265967249732972e-09	0.94101185	0.33813718	0.0069903755	0.33828935	0.12312725	-0.00039597653
7.280595020711959e-09	0.9414976	0.33679277	0.0064637763	0.33828935	0.12312725	-0.00014862277
7.295223303686536e-09	0.94122714	0.33756402	0.005555574	0.33828935	0.12312725	0.00045290455
7.309851174039426e-09	0.9406622	0.33912468	0.006162998	0.33828935	0.12312725	0.0001809471
7.324966297350889e-09	0.94099826	0.33816975	0.007235368	0.33828935	0.12312725	-0.00054120104
7.3395935866771455e-09	0.9416514	0.3363626	0.006460154	0.33828935	0.12312725	-0.00019602025
7.354221476150578e-09	0.94124544	0.33751813	0.0052320836	0.33828935	0.12312725	0.00065448345
7.368849422369694e-09	0.94044596	0.33972368	0.0061833523	0.33828935	0.12312725	0.00025571583
7.38347707542094e-09	0.94095373	0.33828378	0.0076876087	0.33828935	0.12312725	-0.0008299804
7.398105214331835e-09	0.941972	0.33546382	0.006437149	0.33828935	0.12312725	-0.00035347947
7.413220795419214e-09	0.9412352	0.33755773	0.0044934303	0.33828935	0.12312725	0.0011669508
7.427849015353245e-09	0.93985707	0.34134427	0.0064457343	0.33828935	0.12312725	0.00047287974
7.442477112156942e-09	0.94102174	0.33806148	0.00901313	0.33828935	0.12312725	-0.0018804853
7.457104595754345e-09	0.9432294	0.33192855	0.0055690235	0.33828935	0.12312725	-0.00094350515
7.47173224142252e-09	0.9406916	0.33909604	0.0016261014	0.33828935	0.12312725	0.0049231257
7.486360413994762e-09	0.93293875	0.35963258	0.0132305045	0.33828935	0.12312725	0.009796187
7.501477112859114e-09	0.9294502	0.36634952	0.042200457	0.33828935	0.12312725	0.007542324
7.516105394560444e-09	0.9391698	0.33821228	0.05852855	0.33828935	0.12312725	0.0010967602
7.530731778580246e-09	0.9540567	0.29721868	0.03593428	0.33828935	0.12312725	-0.0021602528
7.545357550121749e-09	0.9575442	0.28769618	-0.014683121	0.33828935	0.12312725	-0.0005480672
7.559983980730992e-09	0.94483966	0.32364777	-0.049263027	0.33828935	0.12312725	0.0012544683
7.574612820484133e-09	0.9277539	0.37126505	-0.036330298	0.33828935	0.12312725	0.00037672336
7.5892440465449e-09	0.9213869	0.38823214	0.0114058	0.33828935	0.12312725	-0.00088072906
7.604361770063493e-09	0.930335	0.36236325	0.053571336	0.33828935	0.12312725	-0.00025123378
7.618989056232622e-09	0.94587165	0.31927624	0.055041086	0.33828935	0.12312725	0.0006867607
7.633614857660585e-09	0.956029	0.29210725	0.018575355	0.33828935	0.12312725	0.00021064306
7.64824019946922e-09	0.95334643	0.3002638	-0.02683208	0.33828935	0.12312725	-0.00055681483
7.66286643110029e-09	0.94005746	0.33760032	-0.04594211	0.33828935	0.12312725	-0.00018379536
7.677495673167253e-09	0.926347	0.3755496	-0.023312047	0.33828935	0.12312725	0.00046726989
7.692614622196246e-09	0.9232997	0.3826567	0.024797827	0.33828935	0.12312725	0.00014117232
7.707244608614124e-09	0.9340941	0.35169148	0.056126054	0.33828935	0.12312725	-0.0004085134
7.721871449832665e-09	0.9493804	0.30957678	0.046292733	0.33828935	0.12312725	-0.00012972135
7.73649650014939e-09	0.9561197	0.29190862	0.0044242237	0.33828935	0.12312725	0.00035802016
7.751121302930362e-09	0.94935405	0.31161013	-0.034322858	0.33828935	0.12312725	0.00012105554
7.765747658208733e-09	0.9355337	0.3503658	-0.03949188	0.33828935	0.12312725	-0.00031812428
7.78086450431722e-09	0.92544013	0.37792173	-0.0074625085	0.33828935	0.12312725	-9.791516e-05
7.795494784736109e-09	0.9268879	0.3726286	0.033727616	0.33828935	0.12312725	0.0002907931
7.810123428315185e-09	0.9383238	0.34018025	0.05257637	0.33828935	0.12312725	9.3506234e-05
7.82474902748591e-09	0.9509085	0.30578092	0.034495097	0.33828935	0.12312725	-0.0002639019
7.839373166376982e-09	0.95430034	0.29733545	-0.0058666645	0.33828935	0.12312725	-9.006192e-05
7.853997513115408e-09	0.94578856	0.32175422	-0.035555456	0.33828935	0.12312725	0.00024120952
7.869111539102307e-09	0.9323824	0.35901964	-0.030052448	0.33828935	0.12312725	7.484973e-05
7.883741366739575e-09	0.925873	0.37629816	0.0042874734	0.33828935	0.12312725	-0.00022576771
7.898371781591125e-09	0.93043023	0.3625957	0.038395893	0.33828935	0.12312725	-7.301453e-05
7.912999671508961e-09	0.9418423	0.33060107	0.045988128	0.33828935	0.12312725	0.00020900887
7.927625248573053e-09	0.9511813	0.30547795	0.022730762	0.33828935	0.12312725	7.1553586e-05
7.942249376336906e-09	0.9514421	0.3058169	-0.012325505	0.33828935	0.12312725	-0.00019430277
7.957361279008063e-09	0.94227046	0.33178064	-0.03203385	0.33828935	0.12312725	-6.0432565e-05
7.971988414073947e-09	0.9315655	0.36116198	-0.020315895	0.33828935	0.12312725	0.00018453815
7.986618124013116e-09	0.9276097	0.37124354	0.011702811	0.33828935	0.12312725	5.983877e-05
8.00124771237661e-09	0.93325526	0.35466346	0.0381461	0.33828935	0.12312725	-0.00017303751
8.015874215316238e-09	0.9436995	0.32562357	0.03862807	0.33828935	0.12312725	-5.930912e-05
8.030499247394953e-09	0.95060205	0.30746493	0.014190006	0.33828935	0.12312725	0.00016269114
8.045123697228649e-09	0.94882566	0.3134469	-0.014937681	0.33828935	0.12312725	5.8931913e-05
8.060236960647283e-09	0.93997973	0.338132	-0.0263315	0.33828935	0.12312725	-0.00015606907
8.074865322191553e-09	0.93177456	0.3604106	-0.011942882	0.33828935	0.12312725	-5.0622588e-05
8.08949599067696e-09	0.9299057	0.36482272	0.015312035	0.33828935	0.12312725	0.00014765105
8.104125431478955e-09	0.9353489	0.34894124	0.034645427	0.33828935	0.12312725	5.0546834e-05
8.118752036858136e-09	0.9440871	0.32489914	0.031928282	0.33828935	0.12312725	-0.00013996314
8.133376565132365e-09	0.94943136	0.31117508	0.009837178	0.33828935	0.12312725	-5.059675e-05
8.148488047336972e-09	0.94689167	0.31896922	-0.014701976	0.33828935	0.12312725	0.00013523764
8.163114316522316e-09	0.93899477	0.34068063	-0.021343136	0.33828935	0.12312725	4.379617e-05
8.177743122478816e-09	0.9323639	0.35862225	-0.007061661	0.33828935	0.12312725	-0.00012877079
8.192373937059098e-09	0.9315451	0.36022356	0.016078569	0.33828935	0.12312725	-4.4021785e-05
8.20700211096122e-09	0.9365598	0.3457224	0.030939635	0.33828935	0.12312725	0.00012281458
8.22162765764902e-09	0.9439219	0.32582095	0.027437875	0.33828935	0.12312725	4.4294175e-05
8.236739119331437e-09	0.9483271	0.31469938	0.007780174	0.33828935	0.12312725	-0.000119327255
8.251363750585571e-09	0.9459883	0.32144216	-0.012291582	0.33828935	0.12312725	-3.854592e-05
8.265990639741254e-09	0.9390866	0.340284	-0.018202731	0.33828935	0.12312725	0.0001141841
8.280620329899525e-09	0.9330287	0.35674483	-0.005823238	0.33828935	0.12312725	3.8977967e-05
8.295250916196295e-09	0.9320576	0.3587574	0.015144337	0.33828935	0.12312725	-0.000109417684
8.309878203557307e-09	0.9368015	0.3452555	0.029161014	0.33828935	0.12312725	-3.935399e-05
8.324991197877108e-09	0.94410723	0.32579863	0.02582487	0.33828935	0.12312725	0.00010678185
8.339614992761708e-09	0.9479661	0.3158899	0.007966839	0.33828935	0.12312725	3.4365537e-05
8.354240024726267e-09	0.945744	0.3220044	-0.011151949	0.33828935	0.12312725	-0.00010258162
8.3688672938707e-09	0.93932325	0.33961034	-0.017584663	0.33828935	0.12312725	-3.494042e-05
8.383497326969588e-09	0.933234	0.35621428	-0.0064470773	0.33828935	0.12312725	9.8657154e-05
8.398126972739236e-09	0.9317975	0.3595167	0.014520148	0.33828935	0.12312725	3.539193e-05
8.413241088117254e-09	0.93685	0.34546098	0.030124899	0.33828935	0.12312725	-9.662669e-05
8.427865463504755e-09	0.94449335	0.32506084	0.027155355	0.33828935	0.12312725	-3.0979336e-05
8.442490062517731e-09	0.9485818	0.31413412	0.008030953	0.33828935	0.12312725	9.3130206e-05
8.457115915779118e-09	0.94602334	0.3211453	-0.012807357	0.33828935	0.12312725	3.162314e-05
8.471743728932095e-09	0.9389685	0.34066588	-0.019556178	0.33828935	0.12312725	-8.9830246e-05
8.486373955613218e-09	0.93243176	0.35847384	-0.0068874015	0.33828935	0.12312725	-3.2148288e-05
8.50100288738788e-09	0.93123615	0.3612311	0.01636716	0.33828935	0.12312725	8.671486e-05
8.516117083781287e-09	0.93714964	0.3450088	0.033145834	0.33828935	0.12312725	2.8164635e-05
8.530741547711823e-09	0.94553614	0.32232377	0.028766805	0.33828935	0.12312725	-8.52852e-05
8.545365980553833e-09	0.94970846	0.3109005	0.0062974854	0.33828935	0.12312725	-2.8847431e-05
8.559991890813078e-09	0.94627017	0.320472	-0.01708587	0.33828935	0.12312725	8.246407e-05
8.574620328127261e-09	0.93779653	0.343999	-0.022733936	0.33828935	0.12312725	2.943755e-05
8.58925048575906e-09	0.9307333	0.3632119	-0.0056267865	0.33828935	0.12312725	-7.979476e-05
8.604365534953681e-09	0.9308739	0.36245537	0.022261554	0.33828935	0.12312725	-2.5822656e-05
8.618991536585922e-09	0.93842417	0.34173706	0.03757398	0.33828935	0.12312725	7.8661964e-05
8.633616311821518e-09	0.9474298	0.31708425	0.028565228	0.33828935	0.12312725	2.6497699e-05
8.648241793009455e-09	0.9507858	0.3079183	0.001394243	0.33828935	0.12312725	-7.622475e-05
8.662869051022179e-09	0.9456709	0.32226014	-0.022947963	0.33828935	0.12312725	-2.7115668e-05
8.677498543285978e-09	0.9357951	0.349642	-0.024694659	0.33828935	0.12312725	7.390405e-05
8.692615989281874e-09	0.9288081	0.36863607	-0.0004502005	0.33828935	0.12312725	2.3808347e-05
8.70724336593194e-09	0.93102634	0.36222258	0.029580204	0.33828935	0.12312725	-7.300327e-05
8.7218688144953e-09	0.9406021	0.33574557	0.041608784	0.33828935	0.12312725	-2.4467749e-05
8.736494048773026e-09	0.9498658	0.31027627	0.025397938	0.33828935	0.12312725	7.087458e-05
8.751120053637543e-09	0.9513642	0.30641946	-0.00660576	0.33828935	0.12312725	2.5101544e-05
8.765747727514531e-09	0.9438164	0.3275714	-0.028976679	0.33828935	0.12312725	-6.8830945e-05
8.780864964727347e-09	0.9327812	0.35812357	-0.022829125	0.33828935	0.12312725	-2.2080256e-05
8.795494146009553e-09	0.92764133	0.37206006	0.0072512194	0.33828935	0.12312725	6.810676e-05
8.810121408747963e-09	0.9323516	0.3586492	0.0373312	0.33828935	0.12312725	2.27084e-05
8.824747185163179e-09	0.94346577	0.3277624	0.042965192	0.33828935	0.12312725	-6.6233624e-05
8.839373269136022e-09	0.9520628	0.30420816	0.018822776	0.33828935	0.12312725	-2.3335262e-05
8.853999702916726e-09	0.95095384	0.30769518	-0.016023383	0.33828935	0.12312725	6.442089e-05
8.869115635635158e-09	0.94054675	0.33677775	-0.033243638	0.33828935	0.12312725	2.0561485e-05
8.883744866950445e-09	0.92996436	0.36607653	-0.017617367	0.33828935	0.12312725	-6.382987e-05
8.898373555321947e-09	0.9274272	0.372764	0.017396497	0.33828935	0.12312725	-2.1172435e-05
8.913000462644835e-09	0.9349443	0.35142878	0.04379405	0.33828935	0.12312725	6.216828e-05
8.927626505085873e-09	0.94673276	0.31871364	0.040253595	0.33828935	0.12312725	2.178557e-05
8.942252821481071e-09	0.9533348	0.30085814	0.009131569	0.33828935	0.12312725	-6.0549155e-05
8.957367493323758e-09	0.9488681	0.31367934	-0.025552161	0.33828935	0.12312725	-1.9217578e-05
8.97199601136007e-09	0.9371791	0.3462817	-0.033392154	0.33828935	0.12312725	6.0062936e-05
8.986625090746518e-09	0.9278651	0.37203082	-0.009035662	0.33828935	0.12312725	1.9821386e-05
9.00125369141525e-09	0.9283801	0.37005383	0.027776737	0.33828935	0.12312725	-5.8577305e-05
9.015880645023106e-09	0.9383302	0.3419145	0.04721998	0.33828935	0.12312725	-2.0409423e-05
9.030507778497301e-09	0.9497722	0.3103597	0.033569574	0.33828935	0.12312725	5.7124722e-05
9.045134675746572e-09	0.9533536	0.30103162	-0.0021298472	0.33828935	0.12312725	2.0978969e-05
9.06025009331594e-09	0.9458024	0.32239968	-0.031485546	0.33828935	0.12312725	-5.67248e-05
9.074879204084937e-09	0.93387455	0.3556586	-0.029036334	0.33828935	0.12312725	-1.8605244e-05
9.08950860811696e-09	0.92704433	0.3743803	0.0018403464	0.33828935	0.12312725	5.5385655e-05
9.10413746947086e-09	0.93063754	0.36363968	0.036179166	0.33828935	0.12312725	1.9167926e-05
9.118764937186177e-09	0.94192404	0.33189583	0.04627656	0.33828935	0.12312725	-5.4075575e-05
9.133392296904881e-09	0.9517966	0.30490708	0.023947917	0.33828935	0.12312725	-1.972518e-05
9.14850728212542e-09	0.9518553	0.30541313	-0.013637073	0.33828935	0.12312725	5.3747248e-05
9.163135549971605e-09	0.9422198	0.33254147	-0.033517808	0.33828935	0.12312725	1.750461e-05
9.177764160375146e-09	0.93121296	0.36318243	-0.021046713	0.33828935	0.12312725	-5.2528685e-05
9.192392972005771e-09	0.9275432	0.37290403	0.013045531	0.33828935	0.12312725	-1.8062377e-05
9.20702032555876e-09	0.9338693	0.35452422	0.04113384	0.33828935	0.12312725	5.133613e-05
9.22164720828289e-09	0.9451806	0.32295203	0.040966243	0.33828935	0.12312725	1.8613779e-05
9.236760823349573e-09	0.9524524	0.30337203	0.011814711	0.33828935	0.12312725	-5.1064028e-05
9.251388124155614e-09	0.9493123	0.31271636	-0.020829063	0.33828935	0.12312725	-1.6534546e-05
9.266015737050624e-09	0.9388798	0.34201184	-0.031091308	0.33828935	0.12312725	4.994834e-05
9.280644347963869e-09	0.92978245	0.36715922	-0.011131577	0.33828935	0.12312725	1.7087521e-05
9.29527334208126e-09	0.9291822	0.36813915	0.022221772	0.33828935	0.12312725	-4.885993e-05
9.309900912268753e-09	0.93730867	0.34487686	0.04193507	0.33828935	0.12312725	-1.7616318e-05
9.325015539802782e-09	0.9477957	0.31586763	0.031969376	0.33828935	0.12312725	4.8640566e-05
9.339642216549812e-09	0.95158046	0.30607364	0.0017190865	0.33828935	0.12312725	1.5649166e-05
9.354269721344667e-09	0.94618976	0.32166004	-0.024025504	0.33828935	0.12312725	-4.761614e-05
9.368897740489556e-09	0.9362626	0.34941864	-0.024966331	0.33828935	0.12312725	-1.6194012e-05
9.38352650287298e-09	0.92977905	0.36707053	-0.0011494574	0.33828935	0.12312725	4.6614583e-05
9.398154589875816e-09	0.93167907	0.36103323	0.02775149	0.33828935	0.12312725	1.671117e-05
9.412782044107699e-09	0.9402404	0.3367471	0.038706068	0.33828935	0.12312725	-4.5628705e-05
9.427896644786166e-09	0.94870114	0.31356424	0.02279189	0.33828935	0.12312725	-1.48427025e-05
9.442524009108734e-09	0.9498	0.31129795	-0.005466485	0.33828935	0.12312725	4.549503e-05
9.457151380727564e-09	0.94326895	0.32998714	-0.023288056	0.33828935	0.12312725	1.5379408e-05
9.471779152601692e-09	0.93468106	0.35379168	-0.017097676	0.33828935	0.12312725	-4.4568184e-05
9.486407803918918e-09	0.93087107	0.3638719	0.00701111	0.33828935	0.12312725	-1.5888161e-05
9.501035664367944e-09	0.9344386	0.3532884	0.029337768	0.33828935	0.12312725	4.3658332e-05
9.516150851029018e-09	0.94252294	0.3305197	0.032467466	0.33828935	0.12312725	1.4107467e-05
9.530777082981137e-09	0.9483197	0.31490746	0.014738303	0.33828935	0.12312725	-4.3555334e-05
9.545403894328334e-09	0.94761455	0.3176739	-0.008752605	0.33828935	0.12312725	-1.4639889e-05
9.560030615370141e-09	0.9411521	0.33596936	-0.019454475	0.33828935	0.12312725	4.269423e-05
9.574658414355405e-09	0.93432575	0.3546432	-0.009633546	0.33828935	0.12312725	1.5146545e-05
9.589286546873031e-09	0.93253565	0.3591045	0.011844321	0.33828935	0.12312725	-4.1848994e-05
9.60440182886656e-09	0.93688804	0.346444	0.027920447	0.33828935	0.12312725	-1.3448108e-05
9.619028952739285e-09	0.94338214	0.3282893	0.025903985	0.33828935	0.12312725	4.1774525e-05
9.633655662323938e-09	0.94719595	0.3183551	0.009268583	0.33828935	0.12312725	1.3964502e-05
9.64828298138727e-09	0.9456008	0.32352647	-0.008600646	0.33828935	0.12312725	-4.0974734e-05
9.662910386592926e-09	0.940014	0.33909196	-0.014229889	0.33828935	0.12312725	-1.4459206e-05
9.677538921855964e-09	0.93498534	0.35267645	-0.004123089	0.33828935	0.12312725	4.018782e-05
9.692654417626197e-09	0.9343294	0.35405684	0.01359722	0.33828935	0.12312725	1.283456e-05
9.70728236157993e-09	0.93811023	0.3430793	0.024179826	0.33828935	0.12312725	-4.0137456e-05
9.721909509901693e-09	0.9432345	0.3289097	0.020889128	0.33828935	0.12312725	-1.3333632e-05
9.73653637228283e-09	0.9459631	0.32210276	0.0071428576	0.33828935	0.12312725	3.9391653e-05
9.7511632399733e-09	0.94431674	0.32720065	-0.0063165794	0.33828935	0.12312725	1.3821791e-05
9.765790324144622e-09	0.93979335	0.33956742	-0.009741691	0.33828935	0.12312725	-3.8653892e-05
9.780418578289103e-09	0.936039	0.34967908	-0.0014633811	0.33828935	0.12312725	-1.4287007e-05
9.795534509663773e-09	0.9355617	0.35064727	0.012123444	0.33828935	0.12312725	3.8623886e-05
9.810161775895355e-09	0.938368	0.34244704	0.020446463	0.33828935	0.12312725	1.2757171e-05
9.824788674087087e-09	0.9425278	0.33115488	0.0184608	0.33828935	0.12312725	-3.7926595e-05
9.83941585104399e-09	0.9450778	0.32481724	0.007895256	0.33828935	0.12312725	-1.32331825e-05
9.854042590537728e-09	0.9439904	0.32805735	-0.00350532	0.33828935	0.12312725	3.7235593e-05
9.868670582649326e-09	0.9402725	0.3381119	-0.0075425897	0.33828935	0.12312725	1.36911885e-05
9.883786236175853e-09	0.9367642	0.3476654	-0.0013996013	0.33828935	0.12312725	-3.722125e-05
9.898414797152009e-09	0.9358707	0.34981707	0.00985174	0.33828935	0.12312725	-1.2219932e-05
9.913042367202672e-09	0.93798345	0.34365618	0.01855509	0.33828935	0.12312725	3.6569952e-05
9.927669590718731e-09	0.94193065	0.33311072	0.018751763	0.33828935	0.12312725	1.2682769e-05
9.942296455883013e-09	0.94486034	0.3255386	0.009958918	0.33828935	0.12312725	-3.5921425e-05
9.956923710909587e-09	0.944414	0.32675782	-0.0018517626	0.33828935	0.12312725	-1.3133672e-05
9.972039715973985e-09	0.9408205	0.3365473	-0.008093941	0.33828935	0.12312725	3.592036e-05
9.986668068241431e-09	0.9368967	0.34735605	-0.0035765846	0.33828935	0.12312725	1.1719673e-05
1.0001296092308049e-08	0.9352724	0.35152537	0.008436034	0.33828935	0.12312725	-3.5308552e-05
1.0015923339716245e-08	0.9373763	0.34553242	0.019445859	0.33828935	0.12312725	-1.217073e-05
1.0030550242271927e-08	0.9419554	0.33325893	0.021099035	0.33828935	0.12312725	3.4698307e-05
1.0045176934826096e-08	0.9454796	0.32379967	0.011495167	0.33828935	0.12312725	1.2614264e-05
1.0060291944580564e-08	0.94508404	0.32480556	-0.0031155937	0.33828935	0.12312725	-3.4707202e-05
1.0074919720738062e-08	0.94103444	0.3360065	-0.010837207	0.33828935	0.12312725	-1.1259485e-05
1.0089548315218728e-08	0.9362137	0.3493324	-0.0057176617	0.33828935	0.12312725	3.4130837e-05
1.0104176042442709e-08	0.9342327	0.35450262	0.009180091	0.33828935	0.12312725	1.16969995e-05
1.0118803632821168e-08	0.9370537	0.34661457	0.022787718	0.33828935	0.12312725	-3.3556673e-05
1.0133430972655385e-08	0.9427621	0.3310971	0.02404048	0.33828935	0.12312725	-1.2126592e-05
1.0148545776692444e-08	0.94681066	0.32002464	0.010531799	0.33828935	0.12312725	3.3576263e-05
1.0163173554888546e-08	0.9456743	0.32316354	-0.006806314	0.33828935	0.12312725	1.08218765e-05
1.017780137602591e-08	0.940355	0.3379972	-0.01453384	0.33828935	0.12312725	-3.303132e-05
1.0192429358073308e-08	0.9347914	0.35337895	-0.006060329	0.33828935	0.12312725	-1.1252019e-05
1.0207056100701209e-08	0.93332714	0.3571404	0.012755927	0.33828935	0.12312725	3.2487955e-05
1.0221682632667732e-08	0.93751264	0.34545413	0.027409017	0.33828935	0.12312725	1.1678574e-05
1.023630923883537e-08	0.94429094	0.326837	0.025689	0.33828935	0.12312725	-3.1945125e-05
1.0251424288416328e-08	0.94817704	0.31618977	0.0073256996	0.33828935	0.12312725	-1.0422889e-05
1.026605192473525e-08	0.94563854	0.32332316	-0.012276446	0.33828935	0.12312725	3.1998763e-05
1.0280679327819836e-08	0.9388054	0.3424233	-0.017524438	0.33828935	0.12312725	1.0846498e-05
1.0295306497380561e-08	0.9330328	0.35836878	-0.0036765973	0.33828935	0.12312725	-3.148394e-05
1.0309932867436655e-08	0.93297035	0.35820982	0.018712109	0.33828935	0.12312725	-1.1263319e-05
1.0324559314095295e-08	0.9389377	0.34150434	0.031827796	0.33828935	0.12312725	3.096883e-05
1.0339672565303317e-08	0.94651747	0.32064253	0.024073388	0.33828935	0.12312725	1.00567995e-05
1.0354299057954832e-08	0.94905955	0.3137844	0.001453471	0.33828935	0.12312725	-3.1026033e-05
1.0368925924185338e-08	0.9446203	0.32626542	-0.017928233	0.33828935	0.12312725	-1.0476913e-05
1.0383553174450577e-08	0.9366917	0.3484459	-0.018127933	0.33828935	0.12312725	3.053688e-05
1.039817913050396e-08	0.93156844	0.3625278	0.0015374497	0.33828935	0.12312725	1.0886101e-05
1.0412805227575902e-08	0.93346334	0.35681143	0.025565868	0.33828935	0.12312725	-3.0046522e-05
1.0427919204511021e-08	0.94140446	0.33459985	0.0343396	0.33828935	0.12312725	-9.717994e-06
1.0442546321252825e-08	0.94852906	0.31508029	0.019764118	0.33828935	0.12312725	3.0111536e-05
1.0457172631767244e-08	0.94908774	0.31379995	-0.0060446155	0.33828935	0.12312725	1.0128939e-05
1.0471799335155495e-08	0.9426383	0.33192462	-0.022189746	0.33828935	0.12312725	-2.9645262e-05
1.0486425713176352e-08	0.93442297	0.35491964	-0.015475306	0.33828935	0.12312725	-1.053008e-05
1.050105129113977e-08	0.93089485	0.36442357	0.008927745	0.33828935	0.12312725	2.9178402e-05
1.0516164283940597e-08	0.9352135	0.35182974	0.032045174	0.33828935	0.12312725	9.403847e-06
1.053078995976904e-08	0.943932	0.32756364	0.03364641	0.33828935	0.12312725	-2.9246377e-05
1.0545416461110024e-08	0.949917	0.3113085	0.012930688	0.33828935	0.12312725	-9.809981e-06
1.0560042503032856e-08	0.9481085	0.31663314	-0.013378033	0.33828935	0.12312725	2.8801685e-05
1.0574668901431859e-08	0.9401163	0.33911017	-0.023762506	0.33828935	0.12312725	1.0204785e-05
1.0589295078600779e-08	0.9324963	0.36039075	-0.00984035	0.33828935	0.12312725	-2.835717e-05
1.0604408653760585e-08	0.93128663	0.36320344	0.017926399	0.33828935	0.12312725	-9.109664e-06
1.0619034305175196e-08	0.9375863	0.3451253	0.035558134	0.33828935	0.12312725	2.8430688e-05
1.0633660644855611e-08	0.9463168	0.32101083	0.02959828	0.33828935	0.12312725	9.50785e-06
1.0648287326619838e-08	0.9502766	0.31044608	0.004744169	0.33828935	0.12312725	-2.8006925e-05
1.0662913693635699e-08	0.9462053	0.3220776	-0.018829446	0.33828935	0.12312725	-9.892809e-06
1.0677540395042255e-08	0.9376046	0.34628668	-0.02196837	0.33828935	0.12312725	2.7583012e-05
1.0692654711725018e-08	0.93130344	0.36369586	-0.0014078545	0.33828935	0.12312725	8.826653e-06
1.0707281537775697e-08	0.9325947	0.35936254	0.024839992	0.33828935	0.12312725	-2.766247e-05
1.0721908357603227e-08	0.940252	0.33765957	0.0359365	0.33828935	0.12312725	-9.211848e-06
1.0736536037050933e-08	0.94806993	0.31626138	0.023046143	0.33828935	0.12312725	2.7259208e-05
1.0751163208883826e-08	0.94957954	0.3125372	-0.0031676951	0.33828935	0.12312725	9.584042e-06
1.0765790193533062e-08	0.9437539	0.3290898	-0.021370187	0.33828935	0.12312725	-2.6855172e-05
1.0780417386850348e-08	0.93553674	0.35218623	-0.017132515	0.33828935	0.12312725	-9.948869e-06
1.0795532520427031e-08	0.93133837	0.363475	0.0065795495	0.33828935	0.12312725	2.6938693e-05
1.0810160180713009e-08	0.9346325	0.35351533	0.029154658	0.33828935	0.12312725	8.91981e-06
1.082478787238104e-08	0.94264424	0.33105057	0.033101432	0.33828935	0.12312725	-2.6554022e-05
1.083941608824691e-08	0.948811	0.31435418	0.015485221	0.33828935	0.12312725	-9.282041e-06
1.08540432829534e-08	0.94807774	0.31687966	-0.0091162	0.33828935	0.12312725	2.6168753e-05
1.086867055037758e-08	0.9413443	0.33598235	-0.020754814	0.33828935	0.12312725	9.639463e-06
1.088378504569265e-08	0.9340622	0.3563002	-0.009926276	0.33828935	0.12312725	-2.6253862e-05
1.0898412276027155e-08	0.93227047	0.36067525	0.0133563625	0.33828935	0.12312725	-8.642108e-06
1.091303982448694e-08	0.9369563	0.34695378	0.030372638	0.33828935	0.12312725	2.5885223e-05
1.0927668252958012e-08	0.94436795	0.32637778	0.02792286	0.33828935	0.12312725	8.997476e-06
1.094229621231669e-08	0.94850963	0.31538105	0.008461723	0.33828935	0.12312725	-2.551718e-05
1.095692366629601e-08	0.9461548	0.3224296	-0.012112808	0.33828935	0.12312725	-9.345903e-06
1.0972038459180218e-08	0.9392387	0.34197626	-0.017294386	0.33828935	0.12312725	2.5604426e-05
1.0986665843276318e-08	0.9337767	0.356984	-0.0032899627	0.33828935	0.12312725	8.374394e-06
1.1001293519947091e-08	0.9337387	0.3563872	0.017636735	0.33828935	0.12312725	-2.5251538e-05
1.1015921414438016e-08	0.9389729	0.34132442	0.028843347	0.33828935	0.12312725	-8.724454e-06
1.1030549740325154e-08	0.9452155	0.3241706	0.022028178	0.33828935	0.12312725	2.489856e-05
1.1045176750357578e-08	0.9475159	0.31835577	0.0033060743	0.33828935	0.12312725	9.066967e-06
1.106029083742696e-08	0.94411165	0.32831717	-0.01253813	0.33828935	0.12312725	-2.4986128e-05
1.1074916660041996e-08	0.9381711	0.3449649	-0.01249406	0.33828935	0.12312725	-8.1271255e-06
1.1089543155322126e-08	0.93431777	0.35532033	0.0019567236	0.33828935	0.12312725	2.4645258e-05
1.1104170237010255e-08	0.9353362	0.35181755	0.019020837	0.33828935	0.12312725	8.476088e-06
1.1118798136772118e-08	0.9402711	0.3377626	0.025532264	0.33828935	0.12312725	-2.4305236e-05
1.1133425822725599e-08	0.9452038	0.32438436	0.017031385	0.33828935	0.12312725	-8.811863e-06
1.1148540381049205e-08	0.9462628	0.32207718	0.00027209596	0.33828935	0.12312725	2.439526e-05
1.1163166264525167e-08	0.9427908	0.33209646	-0.010525229	0.33828935	0.12312725	7.894857e-06
1.1177792042162292e-08	0.93786633	0.345731	-0.008033408	0.33828935	0.12312725	-2.4067296e-05
1.1192418750099543e-08	0.9352431	0.35260257	0.0049640457	0.33828935	0.12312725	-8.240334e-06
1.120704604918673e-08	0.9366112	0.34821612	0.018165497	0.33828935	0.12312725	2.3739603e-05
1.1221674001609055e-08	0.94078827	0.33642456	0.02190334	0.33828935	0.12312725	8.571057e-06
1.1236301019845652e-08	0.9446536	0.32613793	0.013953802	0.33828935	0.12312725	-2.3411234e-05
1.1251415138061307e-08	0.94525486	0.3250639	0.0003198929	0.33828935	0.12312725	-7.675318e-06
1.126604122377414e-08	0.9422246	0.3336688	-0.007842545	0.33828935	0.12312725	2.351654e-05
1.1280667967800324e-08	0.9381585	0.34481004	-0.0052257716	0.33828935	0.12312725	8.01378e-06
1.1295295028252835e-08	0.9360542	0.35025117	0.005576753	0.33828935	0.12312725	-2.3201088e-05
1.1309923095590527e-08	0.9372051	0.34655145	0.016332868	0.33828935	0.12312725	-8.339107e-06
1.132455137130804e-08	0.9407164	0.33676866	0.0194654	0.33828935	0.12312725	2.2886183e-05
1.133966657321759e-08	0.94415474	0.3277789	0.012757477	0.33828935	0.12312725	7.459489e-06
1.1354293278147355e-08	0.94476205	0.32652846	0.0016557712	0.33828935	0.12312725	-2.2993214e-05
1.1368919632266332e-08	0.9422949	0.33340523	-0.0058865254	0.33828935	0.12312725	-7.791543e-06
1.1383546609603773e-08	0.9386678	0.3433235	-0.004571979	0.33828935	0.12312725	2.2689128e-05
1.1398173901164065e-08	0.93639874	0.34924442	0.0045158947	0.33828935	0.12312725	8.113489e-06
1.1412802218771032e-08	0.93707335	0.3469428	0.014886749	0.33828935	0.12312725	-2.238513e-05
1.1427917858049623e-08	0.9405106	0.3375404	0.019102043	0.33828935	0.12312725	-7.253676e-06
1.1442545492413334e-08	0.94400084	0.32838377	0.013741018	0.33828935	0.12312725	2.2493306e-05
1.1457172149073949e-08	0.94493425	0.32604128	0.0028189414	0.33828935	0.12312725	7.5771327e-06
1.1471798704874212e-08	0.9426836	0.33226085	-0.005790613	0.33828935	0.12312725	-2.2200216e-05
1.1486425411358326e-08	0.9388784	0.34271744	-0.0057691587	0.33828935	0.12312725	-7.896151e-06
1.150105292919469e-08	0.93610454	0.3500421	0.0032080542	0.33828935	0.12312725	2.1905946e-05
1.1516168794015239e-08	0.93661165	0.34830046	0.015327893	0.33828935	0.12312725	7.05769e-06
1.1530796814740564e-08	0.9403533	0.33817077	0.02080932	0.33828935	0.12312725	-2.201448e-05
1.154542419220738e-08	0.9444558	0.32719508	0.015360194	0.33828935	0.12312725	-7.3731358e-06
1.1560050863497327e-08	0.9456502	0.32399163	0.0026020126	0.33828935	0.12312725	2.1732485e-05
1.15746773624291e-08	0.94301546	0.33132538	-0.007900648	0.33828935	0.12312725	7.687164e-06
1.1589304291925129e-08	0.93841934	0.34400088	-0.007930503	0.33828935	0.12312725	-2.1447875e-05
1.1604419905050206e-08	0.9351497	0.3526824	0.003594215	0.33828935	0.12312725	-6.8696854e-06
1.1619048051706827e-08	0.9361358	0.349746	0.017712422	0.33828935	0.12312725	2.1555992e-05
1.1633676276187864e-08	0.9407862	0.33710933	0.023648927	0.33828935	0.12312725	7.1777113e-06
1.1648303548095967e-08	0.9454988	0.32428902	0.01608951	0.33828935	0.12312725	-2.1284946e-05
1.1662930165357963e-08	0.94649947	0.32159564	0.00026950167	0.33828935	0.12312725	-7.485066e-06
1.1677556812497992e-08	0.94288015	0.331739	-0.011563402	0.33828935	0.12312725	2.100999e-05
1.1692184118097551e-08	0.93724823	0.34727302	-0.009688936	0.33828935	0.12312725	7.785886e-06
1.1707300103915426e-08	0.93395936	0.3560185	0.005737221	0.33828935	0.12312725	-2.1117223e-05
1.1721928446589574e-08	0.93609476	0.34997264	0.022040382	0.33828935	0.12312725	-6.9902203e-06
1.1736556436029832e-08	0.94198567	0.33382636	0.026399916	0.33828935	0.12312725	2.0856089e-05
1.1751183589850857e-08	0.946954	0.32021472	0.014717576	0.33828935	0.12312725	7.2899356e-06
1.1765810291691924e-08	0.9470108	0.32020503	-0.0042759096	0.33828935	0.12312725	-2.0590865e-05
1.1780437022703966e-08	0.9419506	0.33439288	-0.015547152	0.33828935	0.12312725	-7.587278e-06
1.179555230238641e-08	0.9353933	0.35244504	-0.009119533	0.33828935	0.12312725	2.0696476e-05
1.181018063562557e-08	0.9330035	0.35872167	0.010226791	0.33828935	0.12312725	6.8103254e-06
1.182480905411197e-08	0.9367689	0.3481509	0.027158394	0.33828935	0.12312725	-2.0444422e-05
1.1839436769884514e-08	0.94381154	0.32873335	0.027689585	0.33828935	0.12312725	-7.1032273e-06
1.1854063146292644e-08	0.9484274	0.3161176	0.010799871	0.33828935	0.12312725	2.0188134e-05
1.1868689700970012e-08	0.9468328	0.32078204	-0.01025881	0.33828935	0.12312725	7.3971346e-06
1.1883804139291054e-08	0.9399435	0.34005114	-0.01840588	0.33828935	0.12312725	-2.0292315e-05
1.1898432239413478e-08	0.9335707	0.35754767	-0.006162418	0.33828935	0.12312725	-6.6388725e-06
1.1913060448968318e-08	0.932719	0.35953927	0.016565168	0.33828935	0.12312725	2.0048232e-05
1.1927688921950261e-08	0.9382971	0.34389246	0.03159752	0.33828935	0.12312725	6.926109e-06
1.1942316252129478e-08	0.9459413	0.3228012	0.026400855	0.33828935	0.12312725	-1.9801486e-05
1.1956943047969333e-08	0.94940937	0.31344515	0.0046460032	0.33828935	0.12312725	-7.213073e-06
1.1972057049937916e-08	0.94555616	0.32444394	-0.01669147	0.33828935	0.12312725	1.9904726e-05
1.1986684261624913e-08	0.93766135	0.34647202	-0.018854301	0.33828935	0.12312725	6.4732444e-06
1.2001312149089187e-08	0.9320548	0.3617732	-0.00059137103	0.33828935	0.12312725	-1.9667697e-05
1.2015940497187396e-08	0.93330646	0.35786244	0.023562364	0.33828935	0.12312725	-6.757081e-06
1.2030568955909628e-08	0.9405425	0.33760935	0.0340702	0.33828935	0.12312725	1.9429503e-05
1.2045196226233819e-08	0.9479728	0.3171954	0.022164607	0.33828935	0.12312725	7.036464e-06
1.206031089989624e-08	0.9494334	0.3135065	-0.0036405108	0.33828935	0.12312725	-1.953265e-05
1.2074937785348966e-08	0.94360656	0.32999095	-0.020959292	0.33828935	0.12312725	-6.3108555e-06
1.2089565115677157e-08	0.93535	0.35296893	-0.016313795	0.33828935	0.12312725	1.9302573e-05
1.2104192925796214e-08	0.9312879	0.36386192	0.0067480817	0.33828935	0.12312725	6.5927475e-06
1.2118821530168414e-08	0.9347691	0.3536917	0.029646823	0.33828935	0.12312725	-1.9071544e-05
1.2133449222518839e-08	0.9430919	0.3304999	0.03373739	0.33828935	0.12312725	-6.8669115e-06
1.2148076592554194e-08	0.949463	0.31314042	0.015558638	0.33828935	0.12312725	1.8837192e-05
1.2163191204694597e-08	0.94849455	0.31625977	-0.010904091	0.33828935	0.12312725	6.154789e-06
1.2177818272955704e-08	0.94112456	0.3370257	-0.02259546	0.33828935	0.12312725	-1.8951256e-05
1.2192445537185538e-08	0.9334287	0.3583418	-0.0109526655	0.33828935	0.12312725	-6.4341925e-06
1.2207073495747862e-08	0.9315049	0.36314678	0.014600538	0.33828935	0.12312725	1.872649e-05
1.2221702303811393e-08	0.936952	0.3475246	0.033468403	0.33828935	0.12312725	6.7034903e-06
1.22363299684238e-08	0.9454567	0.32397056	0.030369043	0.33828935	0.12312725	-1.85002e-05
1.2251444432775814e-08	0.9500672	0.31160855	0.0068841013	0.33828935	0.12312725	-6.004867e-06
1.226607071356982e-08	0.9467571	0.32124567	-0.01645714	0.33828935	0.12312725	1.8612385e-05
1.2280698005193811e-08	0.9386121	0.34411958	-0.021237664	0.33828935	0.12312725	6.2817403e-06
1.2295325337761466e-08	0.932226	0.36162516	-0.0038142744	0.33828935	0.12312725	-1.8393966e-05
1.2309953382523484e-08	0.93262583	0.3598643	0.02153208	0.33828935	0.12312725	-6.5499435e-06
1.232458153573117e-08	0.9394775	0.34045422	0.0343935	0.33828935	0.12312725	1.817416e-05
1.2339696297801239e-08	0.9474397	0.31858122	0.02391324	0.33828935	0.12312725	5.863059e-06
1.2354322385676548e-08	0.9495669	0.3131742	-0.0006243762	0.33828935	0.12312725	-1.828526e-05
1.2368948366423773e-08	0.9445365	0.3275897	-0.019291837	0.33828935	0.12312725	-6.138876e-06
1.23835746609027e-08	0.9365374	0.34993985	-0.017179143	0.33828935	0.12312725	1.8071702e-05
1.2398202112184448e-08	0.93195564	0.36223146	0.0036806127	0.33828935	0.12312725	6.40641e-06
1.2412830436695094e-08	0.9343845	0.3548149	0.026268234	0.33828935	0.12312725	-1.7857901e-05
1.2427945904380548e-08	0.9420943	0.33319578	0.032312013	0.33828935	0.12312725	-5.7306634e-06
1.2442572791366478e-08	0.94833106	0.31624898	0.016951052	0.33828935	0.12312725	1.7968947e-05
1.2457198972481416e-08	0.9483038	0.316879	-0.006543651	0.33828935	0.12312725	6.0006046e-06
1.2471825288820937e-08	0.94225806	0.3340693	-0.019268557	0.33828935	0.12312725	-1.7761664e-05
1.248645217255211e-08	0.9351576	0.35373536	-0.011422592	0.33828935	0.12312725	-6.265422e-06
1.250108020029768e-08	0.9325658	0.3603553	0.0102324905	0.33828935	0.12312725	1.7553331e-05
1.2515709279034392e-08	0.9364295	0.3490347	0.028239163	0.33828935	0.12312725	6.518085e-06
1.253082533872423e-08	0.94382495	0.32846674	0.028106822	0.33828935	0.12312725	-1.7664966e-05
1.254545251024046e-08	0.94833934	0.3164084	0.010409397	0.33828935	0.12312725	-5.861641e-06
1.256007855183124e-08	0.9466635	0.32163247	-0.010019593	0.33828935	0.12312725	1.746405e-05
1.257470530910474e-08	0.94035923	0.3394135	-0.016938949	0.33828935	0.12312725	6.1236046e-06
1.2589332439630825e-08	0.93455714	0.35527158	-0.0053884066	0.33828935	0.12312725	-1.7260907e-05
1.2603961756970185e-08	0.9337355	0.35693493	0.014872604	0.33828935	0.12312725	-6.374123e-06
1.2619078246130642e-08	0.93855083	0.3431037	0.027877545	0.33828935	0.12312725	1.7371602e-05
1.2633706551169628e-08	0.94481045	0.32586163	0.023040868	0.33828935	0.12312725	5.726495e-06
1.2648333563542123e-08	0.9476792	0.31846172	0.0053611314	0.33828935	0.12312725	-1.7177645e-05
1.26629602562009e-08	0.9450232	0.32635453	-0.010975458	0.33828935	0.12312725	-5.9832983e-06
1.2677586928098692e-08	0.9391084	0.34286058	-0.013302615	0.33828935	0.12312725	1.6979837e-05
1.269221453346983e-08	0.9346666	0.3548036	-0.0003584871	0.33828935	0.12312725	6.2344857e-06
1.2707331040112975e-08	0.9351516	0.35286087	0.017674193	0.33828935	0.12312725	-1.7088036e-05
1.2721959833612838e-08	0.93993235	0.33929107	0.025638193	0.33828935	0.12312725	-5.5972628e-06
1.2736587541601698e-08	0.9451266	0.32515687	0.01847024	0.33828935	0.12312725	1.690017e-05
1.2751213719153053e-08	0.946753	0.3212565	0.0023197716	0.33828935	0.12312725	5.8503388e-06
1.2765839817809126e-08	0.943698	0.33011854	-0.010126606	0.33828935	0.12312725	-1.6707085e-05
1.2780466349391738e-08	0.9385063	0.34443182	-0.0095764715	0.33828935	0.12312725	-6.1011906e-06
1.2795582262897889e-08	0.9351732	0.35324264	0.0034878054	0.33828935	0.12312725	1.681295e-05
1.281021075951963e-08	0.9362721	0.34968817	0.017883316	0.33828935	0.12312725	5.4765096e-06
1.2824839241119356e-08	0.9406672	0.33732665	0.022995114	0.33828935	0.12312725	-1.6630454e-05
1.2839465965289084e-08	0.9449953	0.32573023	0.01535618	0.33828935	0.12312725	-5.7238954e-06
1.2854091992046597e-08	0.94595015	0.32365856	0.0011904888	0.33828935	0.12312725	1.6442804e-05
1.2868718044124701e-08	0.9428988	0.33232093	-0.00860009	0.33828935	0.12312725	5.9724625e-06
1.2883832704237259e-08	0.9382332	0.3450583	-0.006622586	0.33828935	0.12312725	-1.6546383e-05
1.2898461153922632e-08	0.9357517	0.35154462	0.0049847513	0.33828935	0.12312725	-5.3606163e-06
1.2913090385503377e-08	0.93696004	0.3477631	0.017164651	0.33828935	0.12312725	1.6369144e-05
1.2927719236782351e-08	0.9409296	0.3367305	0.02101383	0.33828935	0.12312725	5.599753e-06
1.2942346677099184e-08	0.94475013	0.3266297	0.013894581	0.33828935	0.12312725	-1.6188553e-05
1.2956973487555856e-08	0.9454874	0.32502848	0.00123665	0.33828935	0.12312725	-5.841423e-06
1.297160043998652e-08	0.9426117	0.3330384	-0.00744476	0.33828935	0.12312725	1.6003845e-05
1.2986716809451452e-08	0.93829906	0.34478632	-0.0055181137	0.33828935	0.12312725	5.2393198e-06
1.3001345953451089e-08	0.935987	0.35083416	0.0052514537	0.33828935	0.12312725	-1.6118674e-05
1.301597532116301e-08	0.93715787	0.34723607	0.016697064	0.33828935	0.12312725	-5.4747366e-06
1.3030603322521126e-08	0.9410295	0.33662474	0.020429043	0.33828935	0.12312725	1.5943497e-05
1.3045230338597696e-08	0.94474775	0.32680705	0.013655089	0.33828935	0.12312725	5.7121356e-06
1.3059856765923537e-08	0.94543296	0.32517743	0.0013022184	0.33828935	0.12312725	-1.5763415e-05
1.3074971178023911e-08	0.94244486	0.33341807	-0.0075730197	0.33828935	0.12312725	-5.124027e-06
1.3089599164670945e-08	0.93821746	0.3449704	-0.005718773	0.33828935	0.12312725	1.5874713e-05
1.3104228135663784e-08	0.9357818	0.35137704	0.005260136	0.33828935	0.12312725	5.3591416e-06
1.3118857067480768e-08	0.93704844	0.347608	0.01730483	0.33828935	0.12312725	-1.5704358e-05
1.3133483934228259e-08	0.9412569	0.33616698	0.021264067	0.33828935	0.12312725	-5.5922956e-06
1.3148110273465133e-08	0.9451788	0.3256917	0.013822971	0.33828935	0.12312725	1.5528694e-05
1.3163224035419246e-08	0.94566214	0.324492	-5.8492304e-05	0.33828935	0.12312725	5.014839e-06
1.3177851256674496e-08	0.94231576	0.33373964	-0.00900896	0.33828935	0.12312725	-1.5637654e-05
1.3192479018124026e-08	0.93769574	0.34640533	-0.0064161345	0.33828935	0.12312725	-5.250318e-06
1.3207108125352788e-08	0.9352298	0.3529112	0.006141345	0.33828935	0.12312725	1.5471009e-05
1.3221736356919593e-08	0.936995	0.34786135	0.01934209	0.33828935	0.12312725	5.4780535e-06
1.3236363149984003e-08	0.9418596	0.33462307	0.022822123	0.33828935	0.12312725	-1.5300751e-05
1.3251476930880942e-08	0.94608057	0.32319853	0.012876345	0.33828935	0.12312725	-4.908916e-06
1.3266102866852046e-08	0.94600385	0.32350138	-0.002518303	0.33828935	0.12312725	1.5407531e-05
1.3280729876071483e-08	0.9418112	0.33514595	-0.011440081	0.33828935	0.12312725	5.144837e-06
1.3295357782946055e-08	0.9366656	0.34926665	-0.0066100014	0.33828935	0.12312725	-1.5243929e-05
1.3309986876250401e-08	0.9345577	0.35480657	0.008634274	0.33828935	0.12312725	-5.3703425e-06
1.3324614911328518e-08	0.9373342	0.3470251	0.022591764	0.33828935	0.12312725	1.5079e-05
1.33392417607942e-08	0.9429775	0.33158076	0.024057033	0.33828935	0.12312725	5.595523e-06
1.3354355812307613e-08	0.9470727	0.32042417	0.010755973	0.33828935	0.12312725	-1.5184988e-05
1.3368982335296043e-08	0.9460401	0.32340378	-0.006360112	0.33828935	0.12312725	-5.0399235e-06
1.3383609498081097e-08	0.9407664	0.33807725	-0.013855131	0.33828935	0.12312725	1.5024741e-05
1.339823721619878e-08	0.93532515	0.35300028	-0.0053593577	0.33828935	0.12312725	5.2661217e-06
1.3412864558222185e-08	0.9340941	0.3561336	0.0127968285	0.33828935	0.12312725	-1.4862601e-05
1.3427490390692444e-08	0.938238	0.34457308	0.026252273	0.33828935	0.12312725	-5.491315e-06
1.3442602274533082e-08	0.9447236	0.32674527	0.023616454	0.33828935	0.12312725	1.4965662e-05
1.345722515804967e-08	0.9479492	0.31799373	0.0067273066	0.33828935	0.12312725	4.9534287e-06
1.3471846279485703e-08	0.9454771	0.32501593	-0.010926209	0.33828935	0.12312725	-1.4803934e-05
1.3486465764732617e-08	0.9391884	0.34250602	-0.015112611	0.33828935	0.12312725	-5.199251e-06
1.3501084903436525e-08	0.9340228	0.35664284	-0.0021114706	0.33828935	0.12312725	1.4636006e-05
1.3516191461335877e-08	0.93429035	0.35560614	0.018618518	0.33828935	0.12312725	4.6796117e-06
1.3530809731253533e-08	0.939941	0.33985028	0.029201206	0.33828935	0.12312725	-1.4732921e-05
1.3545426696091674e-08	0.9463969	0.322095	0.021435225	0.33828935	0.12312725	-4.9341415e-06
1.3560042951045837e-08	0.94838774	0.31681466	0.0012502536	0.33828935	0.12312725	1.456809e-05
1.3574657692935427e-08	0.94425344	0.3284836	-0.015155055	0.33828935	0.12312725	5.19104e-06
1.3589272191126811e-08	0.9372999	0.34780043	-0.014437199	0.33828935	0.12312725	-1.4397315e-05
1.3604374114016343e-08	0.9330305	0.35940287	0.0037613746	0.33828935	0.12312725	-4.6941427e-06
1.3618989255035338e-08	0.9351532	0.353193	0.023896208	0.33828935	0.12312725	1.4492489e-05
1.3633603529442843e-08	0.94187444	0.33446532	0.03010171	0.33828935	0.12312725	4.953408e-06
1.364821745603619e-08	0.94782275	0.31816941	0.01712257	0.33828935	0.12312725	-1.43268135e-05
1.3662830709583018e-08	0.9481171	0.3176436	-0.0047865314	0.33828935	0.12312725	-5.21175e-06
1.367793046543494e-08	0.94223666	0.3341688	-0.018029306	0.33828935	0.12312725	1.4413374e-05
1.3692543192004913e-08	0.93529207	0.35341287	-0.010979627	0.33828935	0.12312725	4.728912e-06
1.3707156832950242e-08	0.9327503	0.36014828	0.010074407	0.33828935	0.12312725	-1.4252209e-05
1.372177043638819e-08	0.9366734	0.34890917	0.028173134	0.33828935	0.12312725	-4.986973e-06
1.3736383590028483e-08	0.9439603	0.32867202	0.028690156	0.33828935	0.12312725	1.4087203e-05
1.3751483022094537e-08	0.9487688	0.31562975	0.010379776	0.33828935	0.12312725	4.5076663e-06
1.3766094979715903e-08	0.9468994	0.32113948	-0.010907511	0.33828935	0.12312725	-1.4176239e-05
1.3780707022574055e-08	0.94014287	0.34007117	-0.018311327	0.33828935	0.12312725	-4.7703793e-06
1.3795319522989452e-08	0.9339501	0.3571537	-0.0058654584	0.33828935	0.12312725	1.401537e-05
1.3809932596326813e-08	0.9332507	0.358677	0.016370207	0.33828935	0.12312725	5.02641e-06
1.3824545196170414e-08	0.9386394	0.34338373	0.030452982	0.33828935	0.12312725	-1.3851025e-05
1.3839644631248358e-08	0.9459901	0.32308137	0.024506845	0.33828935	0.12312725	-4.555584e-06
1.3854256595564269e-08	0.94885504	0.31549478	0.0037559748	0.33828935	0.12312725	1.3943432e-05
1.3868869085245551e-08	0.94519687	0.32598233	-0.01477283	0.33828935	0.12312725	4.8130455e-06
1.3883481671967874e-08	0.9381017	0.3458091	-0.016169706	0.33828935	0.12312725	-1.3783945e-05
1.3898094583749815e-08	0.93327254	0.35898986	0.00046045403	0.33828935	0.12312725	-5.064711e-06
1.3913194900797976e-08	0.93463254	0.35471538	0.022152634	0.33828935	0.12312725	1.3871369e-05
1.3927807773862844e-08	0.9410047	0.33679008	0.030205801	0.33828935	0.12312725	4.5996508e-06
1.3942419756217562e-08	0.9471873	0.3198466	0.019011522	0.33828935	0.12312725	-1.3716912e-05
1.3957031711490433e-08	0.94815725	0.31756124	-0.0022479005	0.33828935	0.12312725	-4.8534366e-06
1.397164417995299e-08	0.94322115	0.33158228	-0.016332077	0.33828935	0.12312725	1.3558176e-05
1.3986743628671128e-08	0.93629867	0.3508317	-0.01158048	0.33828935	0.12312725	4.393594e-06
1.400135623810315e-08	0.9333358	0.35868815	0.0075298687	0.33828935	0.12312725	-1.3648287e-05
1.4015968948059564e-08	0.93636984	0.34978765	0.025269315	0.33828935	0.12312725	-4.6451123e-06
1.4030580809362762e-08	0.9428986	0.3315586	0.027548973	0.33828935	0.12312725	1.3494625e-05
1.4045192291395642e-08	0.9476427	0.31870756	0.012888504	0.33828935	0.12312725	4.895387e-06
1.4060290989984287e-08	0.9467204	0.32171068	-0.007218281	0.33828935	0.12312725	-1.357813e-05
1.4074902890117778e-08	0.9410879	0.33760136	-0.015455796	0.33828935	0.12312725	-4.444592e-06
1.4089515709831874e-08	0.93540615	0.3532633	-0.006219336	0.33828935	0.12312725	1.3429418e-05
1.4104128354835005e-08	0.93414307	0.3563115	0.012701908	0.33828935	0.12312725	4.6915966e-06
1.4118740611072134e-08	0.93819886	0.34464717	0.0260459	0.33828935	0.12312725	-1.3276773e-05
1.4133839224721907e-08	0.94441587	0.32742533	0.023021895	0.33828935	0.12312725	-4.2435813e-06
1.4148451130411813e-08	0.9474136	0.31950405	0.0067000748	0.33828935	0.12312725	1.3363722e-05
1.416306294791276e-08	0.94511676	0.3263022	-0.009392946	0.33828935	0.12312725	4.4928224e-06
1.4177675043807504e-08	0.93955654	0.34188452	-0.012580668	0.33828935	0.12312725	-1.3215381e-05
1.4192287694700573e-08	0.9352096	0.35370493	-0.00085251895	0.33828935	0.12312725	-4.7366484e-06
1.4206899467838365e-08	0.9353938	0.3527232	0.016040687	0.33828935	0.12312725	1.3063298e-05
1.4221997929217995e-08	0.9399916	0.33966327	0.024765935	0.33828935	0.12312725	4.296353e-06
1.4236608794787905e-08	0.94501513	0.32587743	0.01830466	0.33828935	0.12312725	-1.3152904e-05
1.4251220035788509e-08	0.94660187	0.32191858	0.002720249	0.33828935	0.12312725	-4.5436605e-06
1.4265831934596488e-08	0.9436266	0.33053994	-0.009456438	0.33828935	0.12312725	1.3004844e-05
1.4280444979967913e-08	0.938614	0.3444602	-0.008854118	0.33828935	0.12312725	4.7830617e-06
1.4295544674650754e-08	0.9355324	0.352667	0.0039756447	0.33828935	0.12312725	-1.3090658e-05
1.4310156957110782e-08	0.93682176	0.3486691	0.017743537	0.33828935	0.12312725	-4.347027e-06
1.4324768546905978e-08	0.9411194	0.33657765	0.02207884	0.33828935	0.12312725	1.2947624e-05
1.4339380615499428e-08	0.9450233	0.32600257	0.0141450735	0.33828935	0.12312725	4.5880724e-06
1.4353992824339561e-08	0.9455746	0.32492733	0.0005882532	0.33828935	0.12312725	-1.2800818e-05
1.4369092561508243e-08	0.94234127	0.33414957	-0.008079859	0.33828935	0.12312725	-4.1549533e-06
1.4383705583714361e-08	0.93816775	0.34560087	-0.0049662106	0.33828935	0.12312725	1.2889703e-05
1.4398318508611873e-08	0.93624353	0.35058835	0.006565366	0.33828935	0.12312725	4.3926652e-06
1.4412929995747286e-08	0.9378869	0.34568354	0.017313587	0.33828935	0.12312725	-1.2747555e-05
1.442754132180652e-08	0.9416745	0.33511874	0.019216415	0.33828935	0.12312725	-4.630896e-06
1.4442640593957017e-08	0.9447343	0.3269798	0.010964269	0.33828935	0.12312725	1.2830004e-05
1.4457253378220415e-08	0.9446152	0.3277124	-0.00023055743	0.33828935	0.12312725	4.2040374e-06
1.4471865694622883e-08	0.9416818	0.33594745	-0.005981423	0.33828935	0.12312725	-1.2692652e-05
1.4486477830077179e-08	0.9382949	0.34514898	-0.0023225378	0.33828935	0.12312725	-4.4398926e-06
1.4501090138850416e-08	0.93696535	0.34852058	0.007528694	0.33828935	0.12312725	1.2551101e-05
1.4516188879649042e-08	0.93862295	0.34365073	0.016200688	0.33828935	0.12312725	4.0171262e-06
1.4530800507385989e-08	0.94186825	0.33470762	0.016906401	0.33828935	0.12312725	-1.263647e-05
1.4545412228122054e-08	0.94428873	0.3283654	0.009789301	0.33828935	0.12312725	-4.2542733e-06
1.4560024912875886e-08	0.9440735	0.32925424	0.00037530588	0.33828935	0.12312725	1.249929e-05
1.4574637381938066e-08	0.94148254	0.33642772	-0.004330032	0.33828935	0.12312725	4.48535e-06
1.4589249628875698e-08	0.9385609	0.34433466	-0.0010977718	0.33828935	0.12312725	-1.2358407e-05
1.4604348182182586e-08	0.93740916	0.3472524	0.0076974803	0.33828935	0.12312725	-4.0690566e-06
1.4618959377923805e-08	0.93883336	0.3431206	0.0150392335	0.33828935	0.12312725	1.244645e-05
1.4633570657955767e-08	0.94174427	0.33518994	0.015931651	0.33828935	0.12312725	4.3035448e-06
1.4648182937257166e-08	0.9440199	0.32921526	0.009790723	0.33828935	0.12312725	-1.2309316e-05
1.4662794835073622e-08	0.9439332	0.32962164	0.0011086963	0.33828935	0.12312725	-4.5321453e-06
1.467789371495127e-08	0.9414695	0.3363882	-0.0037651171	0.33828935	0.12312725	1.23926875e-05
1.4692504916747735e-08	0.9386322	0.3440905	-0.0009512911	0.33828935	0.12312725	4.1228336e-06
1.470711652938937e-08	0.9374244	0.347215	0.0072374484	0.33828935	0.12312725	-1.22594765e-05
1.472172774540557e-08	0.9387558	0.34341902	0.014827697	0.33828935	0.12312725	-4.3530777e-06
1.473633946049102e-08	0.94172037	0.3353794	0.016209587	0.33828935	0.12312725	1.2122422e-05
1.4751439151287726e-08	0.94415283	0.32889155	0.009917894	0.33828935	0.12312725	3.9445154e-06
1.4766051788336693e-08	0.9440397	0.329276	0.0008301672	0.33828935	0.12312725	-1.2209483e-05
1.4780663867411953e-08	0.9415389	0.33615533	-0.004377404	0.33828935	0.12312725	-4.172148e-06
1.4795275079672433e-08	0.9384621	0.34455633	-0.0016171987	0.33828935	0.12312725	1.207681e-05
1.4809886649931782e-08	0.93710726	0.34812996	0.0073236856	0.33828935	0.12312725	4.3987857e-06
1.4824985694879793e-08	0.9387241	0.343604	0.016021773	0.33828935	0.12312725	-1.215801e-05
1.483959849308741e-08	0.9420974	0.33441448	0.017170075	0.33828935	0.12312725	-3.9954552e-06
1.4854211053030959e-08	0.9446181	0.32758287	0.0098972	0.33828935	0.12312725	1.2030366e-05
1.4868823330119786e-08	0.9442922	0.32853612	-0.0004417287	0.33828935	0.12312725	4.219355e-06
1.4883434822719114e-08	0.9413151	0.33677	-0.005884202	0.33828935	0.12312725	-1.1898248e-05
1.4898533502989045e-08	0.9378078	0.34638584	-0.0017091064	0.33828935	0.12312725	-3.8205208e-06
1.491314492630899e-08	0.9366914	0.3493394	0.008974863	0.33828935	0.12312725	1.1982058e-05
1.4927757005268877e-08	0.93885684	0.34331217	0.018011969	0.33828935	0.12312725	4.0459836e-06
1.4942369459447248e-08	0.9427376	0.33265397	0.018126838	0.33828935	0.12312725	-1.1854322e-05
1.4956981700184056e-08	0.94527775	0.3257198	0.008808884	0.33828935	0.12312725	-4.26655e-06
1.4971593724279678e-08	0.94439125	0.3282516	-0.0028579342	0.33828935	0.12312725	1.17227355e-05
